4689
2641
3220
5717
6440
7952
565
7095
303
2240
2245
7989
116
9748
8760
8409
7110
2356
5362
5592
2941
4342
1487
5881
949
2954
5095
3160
7043
5420
7979
5766
9576
8847
1317
9330
2306
1277
8668
8152
6572
3321
1953
6514
1692
301
8875
6627
1207
7852
140
9962
3266
7478
7693
2009
9123
2374
1483
9740
2068
7001
45
1148
8742
2490
3368
6882
6918
6615
6439
3205
2641
7816
1169
4757
839
2800
7009
4251
9342
8246
4091
2758
1626
6626
1368
2226
8705
1816
4363
7983
9130
1617
5288
1
9765
4320
9248
1914
2655
6733
8339
3240
5391
427
2054
8031
9488
6530
2811
4227
4735
4366
9359
8502
4629
1286
3250
3149
5032
5320
1271
9055
4496
1118
5009
4399
3603
8996
2300
3873
9565
4401
465
2691
181
920
1679
3397
3778
1868
6559
5822
1131
2398
3519
4621
6098
3930
3161
2204
6095
1805
1370
5674
467
463
1586
5299
7521
1157
3035
607
7810
6897
7688
3189
9951
9246
6763
529
4626
8904
8099
5167
590
6567
3287
6274
4044
2422
7296
5941
9045
8104
1488
5092
6237
1165
6085
5071
4644
6663
1326
472
4769
3777
5777
8164
5208
2085
6187
344
7771
5568
1718
7674
980
2355
1658
3748
717
1427
7996
9783
2161
4816
7467
2268
3506
6740
159
8000
9640
5833
6048
4722
4550
6808
2205
9435
6182
2726
9980
5858
8414
6967
6674
6211
5260
1006
4424
6841
1737
4668
11
4177
8805
5616
6731
1745
5356
8839
3734
3047
777
9735
1621
887
176
5572
7125
6721
9293
2162
7981
398
3095
20
8704
9515
320
2299
8151
4222
1060
3771
8389
5479
1991
9755
6326
8317
5143
3341
2358
4234
1379
5489
8936
6085
7867
9039
4108
163
5322
5088
6577
5999
2110
2040
7220
3625
3137
342
5027
7175
1863
9287
4107
5829
5380
9174
7161
4434
2320
8560
6856
2085
820
1127
7107
631
3317
5544
2424
2613
9477
1961
4890
6699
1526
80
6126
7691
6460
6596
6360
9121
2628
4636
3996
6527
9071
6783
6969
9641
5599
2443
7764
4859
1388
9127
6379
2194
4713
4257
7063
8564
8458
7729
7974
1673
1965
1963
4216
2210
1801
6121
363
451
9715
2299
2750
408
6732
6361
6567
3543
5240
2959
7511
8939
8622
5358
6269
808
7841
7868
402
2052
931
2519
8043
7279
2953
3940
6812
6631
1132
7975
4413
5956
9722
7849
2730
7275
7230
1416
896
1532
1237
3926
8598
9911
2850
8395
4424
2692
8723
4257
2841
5102
2551
6980
4929
7780
1943
321
2046
3819
2388
6157
3810
1344
130
913
40
9061
2416
2254
546
377
5585
7483
6350
1752
3442
545
6579
5211
5640
7367
1684
202
9676
1893
2669
9637
570
1719
6101
1565
8980
5828
8746
2922
4279
7538
8342
2580
4556
2483
4033
8961
8101
7040
8640
7858
7629
9829
28
1220
7030
6736
7422
7189
4054
6455
9508
9710
5319
4279
9853
7450
1759
7200
3465
9994
6019
5730
2265
2114
1586
6922
5663
4812
2851
1946
3083
2475
3162
5207
2286
2083
258
2410
6751
3093
5798
7266
19
7741
3901
9666
6283
6721
4457
9648
2803
8072
1178
2278
7401
5506
2990
6996
387
6110
4404
8407
1383
1765
785
5018
3392
1756
4057
7595
1736
5431
4629
2558
7790
873
8868
8819
9242
2071
7456
2031
2185
7751
6205
6076
2813
7554
5495
8864
9115
713
9762
3940
1326
2242
1831
5709
3924
2954
4932
2111
8895
9331
774
6749
2411
5088
9807
2437
1413
7062
2632
4944
2647
7697
7439
1524
9557
1384
4997
7570
1131
5403
3086
8835
2236
4661
4941
2867
7528
5747
7085
1655
1093
7863
889
8901
7960
2375
7842
32
8711
2713
1245
3868
6632
2060
4507
4833
5796
1252
376
887
7208
7167
1400
98
9697
5107
3265
4531
1892
8652
1911
2021
1389
7981
1544
5896
7209
1634
6240
1322
225
2015
3284
5719
6671
2772
845
8762
5133
6541
9976
754
4834
708
6482
890
9665
4642
5085
7713
577
8849
9453
4031
5936
6705
837
3024
9001
9661
2391
6845
6176
3614
8839
1621
5025
8911
8464
7193
1585
84
9376
1909
5434
1079
1302
1001
7707
990
5951
5392
1673
3542
5953
8528
8528
9438
1132
4650
6345
4940
3491
4402
5599
3590
6276
7970
8240
450
6640
4362
6859
8705
8948
9612
8610
3370
9160
3901
3772
5441
1356
5921
7964
1660
7950
8207
1084
8998
6802
9047
2580
7877
3665
6854
7135
6671
4528
8455
8274
5934
9704
245
3877
3633
3969
9791
4517
5906
4437
2638
4689
7487
5659
3751
3587
5386
3313
9363
5302
6792
9593
992
2039
828
4791
2150
6642
8059
3411
3665
4441
6447
3566
1904
9637
4875
2817
6306
8590
6387
8005
7844
1178
7524
8500
5448
4326
6856
5220
7946
2785
3379
5890
1587
8516
2248
2085
6687
9753
4500
2312
9560
9033
2020
5920
1632
4905
1479
852
6961
1896
4186
5351
9465
5976
9476
2909
8368
6713
9460
5424
9002
6656
9782
1032
5502
9643
4028
9060
1982
6799
3884
4167
890
6318
5831
7247
6279
3174
2838
77
980
968
8822
6870
4162
7828
4969
386
2281
1726
9142
5535
7791
5568
2616
6469
8620
1781
6930
5706
4369
9108
1852
3990
8108
5326
7094
8525
6925
5277
6606
2049
7706
9841
173
2804
8723
3274
1611
820
1243
6134
2034
8958
5106
1139
7084
9958
3536
2515
6904
9607
2957
2079
6194
4166
151
17
8951
3495
7905
6374
8582
8805
8163
5453
2403
7885
9241
5130
8710
5965
9896
1083
715
1242
7051
4108
5700
6712
2428
1433
2526
4430
7979
7561
8456
4859
9125
4805
107
1522
5331
3777
2778
7295
7524
1510
9586
8081
7
1172
2131
9873
3553
2469
9559
2712
3315
2378
7974
704
9510
5586
8191
2926
5708
2752
4855
2607
6100
4794
3752
9530
6094
3171
9486
7819
6603
8514
4971
703
2908
8164
2721
7053
519
8752
797
6964
1549
5580
3883
531
3152
9188
4413
9149
7182
4980
802
6067
515
8880
6423
4568
8074
7927
2490
4949
3211
4453
7606
2025
4796
928
6914
8425
5095
4567
1577
6157
6618
277
3495
1585
2610
7521
4136
4281
1853
91
9591
7090
931
9300
7632
5010
8018
747
8340
8633
2689
8836
6978
5515
3284
4183
4000
8488
3675
7138
2970
8822
8209
7757
8142
6388
4222
2239
256
8619
304
6599
2990
7381
9265
6339
8746
9455
2867
7223
165
2769
9822
549
8422
1219
6370
3664
2894
1511
3870
4739
760
8467
7584
3945
154
648
1142
3743
695
7007
9928
5060
2203
7142
5323
9090
9450
1965
1534
7826
3784
1624
3282
5432
7396
9990
8451
8482
9744
2541
5319
6064
7570
8473
198
1828
1278
1883
4016
9270
4084
4916
3871
6137
5543
9767
5829
3768
8598
7511
9286
9284
2966
8781
9721
6880
4843
9078
1187
1172
1893
2105
9819
7222
5765
724
5043
1272
8726
3026
6099
9903
518
4939
9550
914
8254
466
3407
6061
6290
4660
4217
7095
9752
1989
7471
4349
6276
9860
2841
456
3743
448
3713
2630
5815
4221
2196
5388
3720
7484
6099
4446
2571
2575
1289
9270
308
8021
8944
5490
7025
8219
3309
3409
5972
4106
1229
3449
6614
2490
4652
7813
8110
9242
6217
1259
8851
4282
272
1502
4956
3692
480
2202
2765
718
1209
5406
3508
3763
634
7506
6550
5085
4753
4573
210
7273
9693
6243
9701
9890
3044
3624
5844
5406
9482
1000
7726
9958
9486
8609
6095
9922
328
8424
6026
4851
5312
9364
4989
4524
5281
2321
5925
2909
8041
1205
8535
1849
7000
1551
5825
2940
1739
262
3958
5047
3985
4853
2514
276
5442
927
6499
3759
5415
5107
2249
6824
3281
8498
9989
3494
6463
6318
3172
7245
1028
199
2366
609
4440
1440
7666
2112
2254
4770
3778
6140
2457
8461
977
781
2442
4169
7490
6165
9500
1389
9613
1514
4972
3145
5647
6804
339
6061
1536
7745
5436
1789
660
2569
9536
7587
4523
7624
9025
1828
9706
3872
5891
4576
4340
5881
5553
6200
5087
7774
3338
1055
9110
5208
172
7801
6532
1183
4156
8562
1002
9300
2771
2984
1290
8509
3783
7498
6560
3352
3899
7726
8553
7802
8706
1024
6535
5297
395
8892
9729
2187
6821
5460
4369
8554
9970
8673
7177
3416
2435
3429
5043
4758
7518
5734
2351
8050
504
1713
2124
5481
5495
3638
2719
1128
3758
1424
2253
8050
1211
6304
1930
1160
8130
5426
6549
4819
3389
6808
553
5992
631
81
7613
1990
827
4751
7989
3703
1516
1141
1257
6186
7791
3223
6822
5042
6664
7330
2256
2742
8475
881
3316
5950
426
4377
1754
543
3382
1033
6522
9084
611
3788
9121
7866
2411
2894
5681
1220
3687
6467
1704
322
3564
6630
6684
2582
7571
8868
9544
60
7547
2095
7461
6904
882
664
9338
9308
3649
5858
8078
7618
2843
8253
1178
6568
2967
1402
5929
7760
8412
9567
6919
8676
7623
2700
4543
2529
9156
4064
8394
6372
4585
210
9513
4926
7841
6233
1917
8866
4326
4598
4731
4852
8888
3029
8091
7914
4450
7177
590
499
6336
5215
2728
454
7509
2023
7474
518
2441
3408
1172
724
5966
9196
1390
109
4029
635
2538
1114
7640
7736
1131
8237
170
4952
9600
4319
9753
3372
707
8166
1291
6821
4521
3561
676
2334
6460
4009
628
5395
6066
3161
7566
5774
5641
2791
9991
8862
8235
3588
9164
1566
3614
3502
9085
5341
4305
9311
7579
9203
6767
8316
8802
3131
2387
7405
2254
907
1040
524
9422
8360
4549
793
6323
116
9183
5836
4406
4604
4838
4173
7374
8634
3819
3129
7248
1105
1395
6201
8780
19
8619
2268
888
115
6597
4964
9638
8204
4980
6644
169
5236
1295
8999
2790
2554
5251
6669
3600
938
1889
8288
1323
6914
7513
6043
6145
1798
2588
1958
9809
5940
3038
8985
691
9649
6242
5232
5370
8353
9606
8796
1580
337
2873
8159
3315
3313
4998
9900
1704
2195
232
2325
2588
334
210
9261
3245
4302
6682
9091
4054
443
9627
1967
6226
9526
9774
4813
7872
3068
2572
486
6046
801
8594
6787
5776
3311
1623
9893
3634
1704
9068
8566
4010
6415
6811
9231
2734
8376
795
2584
9344
2776
8450
7278
1345
4303
6592
2685
4014
6352
4595
1662
9690
8392
9588
3185
1074
4651
9451
751
4582
2655
1152
6760
6015
5249
9788
8000
7738
9132
3952
4569
1547
614
5100
8020
2661
3045
6345
3391
7240
3054
2773
4981
1524
142
6324
2926
4334
6274
5973
7198
1359
5021
104
9265
5463
6255
1764
6783
8914
6156
6740
6837
9626
4208
883
1864
8723
9993
5829
7561
7709
7296
9432
1504
2026
5420
186
1403
5573
6816
2877
7094
4469
7193
5638
7102
9159
4922
1464
3752
2420
2924
7730
4921
2207
7474
5163
8503
2668
8429
2155
5003
8369
4653
5305
8493
5024
8463
2617
792
7552
2339
657
2270
3880
2760
2227
5390
4892
7981
7739
1010
6280
9986
746
573
4856
9862
5520
8340
940
1298
5636
4627
4422
264
181
4025
4934
4610
7862
1589
2714
6465
3957
3862
2169
922
3675
8458
5050
9264
3030
1926
8489
5727
9795
248
1549
4891
105
7796
59
2179
4768
6380
5767
167
8964
5653
6509
4653
4354
824
4533
3124
8496
4946
6594
6582
627
8725
5948
1858
289
8145
1544
1316
1721
576
9708
5443
8908
7086
9467
7581
6976
7914
2084
6896
7793
2090
670
6394
3875
2383
2209
9185
220
7695
5031
6686
7370
1773
2060
7821
4402
2400
6416
7322
6528
1296
9404
1548
5852
4507
5625
8252
5544
7215
9898
6501
456
7767
2475
7704
1860
5184
352
1117
3850
521
385
4318
2292
527
8867
795
8354
7292
6166
607
1726
1407
5656
2455
6264
7407
6263
1163
1945
8676
1960
1421
5892
7247
8967
3585
9973
757
9337
666
1050
1828
9185
8242
3328
8862
946
2216
3231
7558
9388
6800
5620
7685
4535
6002
9980
5443
2104
1151
6692
4979
7619
5838
9835
2957
3252
5434
7453
9352
3713
5671
995
5066
7440
1330
5329
169
3641
233
1648
5200
1991
1771
6230
2103
5808
9081
6871
233
4115
4600
8989
2418
2393
9696
691
4422
9907
7485
5107
7058
2558
7449
7869
7102
2863
9744
4221
8229
471
75
6610
9047
7781
9689
9177
5430
3277
6324
3783
2091
6021
2237
7688
9965
3139
761
3106
2679
4279
1104
6211
9948
8617
794
8776
4825
2419
6753
2314
576
3083
9678
2532
2722
1708
1063
6705
9465
4658
3987
9849
1801
8129
5046
9745
3957
380
6966
4462
5744
9406
3222
3379
8868
981
3127
456
9974
1664
8673
9777
3644
2417
8824
7758
7568
1721
3819
5878
2451
5175
589
1064
2152
9314
1121
3073
5479
6849
3737
9409
958
9626
8066
1244
5193
7677
4283
6986
493
706
9274
9116
8927
8937
8143
5059
1993
804
5717
9147
4907
3703
6404
7721
4875
8088
1814
1410
7419
2370
4083
1852
978
9923
6310
7442
6482
8131
3321
3776
9316
7289
4951
967
4088
7599
1043
1271
8842
1654
3168
6979
3829
323
4519
4129
7218
329
4277
1442
6915
1034
9526
9109
609
1246
4786
2118
6082
1247
8557
2410
636
6620
6092
6403
9780
6437
5712
2282
5595
8095
7216
8453
3279
3271
7354
3571
2878
5125
9774
9806
8377
9674
9920
584
5146
7467
2814
3039
5911
1286
8861
1621
5913
9275
346
1188
638
6796
5201
1241
3426
9366
1247
4412
3200
1071
9394
6906
3257
4700
3572
897
6588
1982
7899
7282
1388
4293
6380
4608
5911
4867
2691
1121
814
3414
798
3764
5489
8892
800
2035
833
786
4602
7119
9456
1942
670
1083
8687
4481
4866
2993
2043
9853
6247
9205
8966
1607
8600
8412
3042
7918
2445
2924
4661
7043
5622
3332
5736
5248
3170
6654
9176
9051
285
7870
4026
5443
9068
3135
5954
6805
5115
4714
8575
9431
5803
5295
400
4213
8849
4079
8527
5386
8862
8428
2589
9213
1907
6347
6431
2651
5891
3562
9458
9877
5895
7196
8307
7752
532
1834
9621
1914
3258
1439
325
6138
7081
4693
8012
7639
4320
2870
2727
3139
2221
2111
4506
6347
6824
200
760
4523
7434
7559
9982
3987
824
6709
7628
1930
3061
7282
4467
606
5124
4819
4137
8970
7045
3508
2058
8482
7419
9877
4523
9290
3530
8348
6465
2711
2116
2412
5001
9737
7844
8794
4140
5387
4008
7859
7095
9192
9613
1773
9995
6806
1711
4300
6757
6999
6500
7244
2481
7015
3641
5672
2287
1819
5582
6692
9976
7539
9691
3805
795
5234
393
3317
4062
1028
9441
3906
6051
9093
7125
2392
2646
6788
9497
2250
9395
1406
2575
1714
5617
100
1612
8606
4247
5057
7022
8092
627
4982
4785
3485
2756
4904
4627
2718
965
9145
4707
330
8164
9810
2646
4059
6988
9303
4107
9645
7432
622
1678
3888
4612
802
7514
304
2476
4613
1645
3267
4
8202
4939
4093
1539
3689
2781
8835
5748
4745
2865
7561
5566
3535
5528
2256
6548
7532
1606
3657
1331
106
8816
6840
7320
2330
1424
24
8351
2360
2506
1291
2090
335
2957
9851
9514
4049
8888
296
527
7976
3226
3091
3781
6342
4891
8251
9505
1206
5405
5643
4293
9688
7870
62
7110
8307
9296
8935
6141
6719
8587
6210
2595
5743
3425
4841
1347
3598
1176
8296
2157
9340
9990
7245
8894
7442
8760
8248
7225
1704
1629
9604
3501
3866
8360
4780
4022
2033
1670
855
4232
7498
1467
5087
3698
2684
9484
3555
4740
2137
866
4281
9967
9098
8701
5793
6653
8803
8072
2683
6571
1881
6556
2608
6317
9617
6423
7583
5781
3329
3666
882
3560
753
6796
9168
6313
7842
3520
2896
4873
5281
7578
1365
7364
2196
3708
9932
811
5024
4732
7642
8207
2362
1839
2936
9317
4432
4619
2721
1709
8350
51
5506
6652
6882
9516
2471
3365
7769
4514
4215
1039
2789
2231
5070
3505
2204
114
7666
6096
6271
7051
7408
7509
6915
6691
6162
4447
7812
5183
3686
156
5600
9401
3462
4864
129
9622
4144
805
857
2437
1792
486
2946
8929
5913
9171
7331
5568
7741
312
7109
8026
6445
4487
6982
1653
9038
3149
1764
699
6825
6772
4061
9219
6365
7983
8916
1816
3223
7006
5131
1138
7213
230
1501
3129
7883
858
5170
574
2447
7386
2658
1061
9112
9291
9954
4403
8369
5465
322
5166
2101
6091
5922
7070
2347
8475
9394
7106
2051
5667
685
4841
405
4622
2913
5249
2776
5075
116
9103
933
6916
4609
2385
9065
6046
8361
9471
3579
6728
2238
6547
1035
5585
7465
7372
7673
8031
1621
3689
348
9709
1204
4602
9755
6486
2523
4718
6714
3716
4609
1158
1169
7799
8080
1978
6618
5383
9410
5540
3174
9157
4963
9296
6798
2520
3093
5781
9986
6218
1901
9282
5380
2070
3950
9825
7912
7155
2403
1161
4348
3238
3716
6014
2164
7182
4768
4237
9764
4254
453
5941
348
8304
5893
7581
2107
9503
1408
9233
1442
7666
5680
5145
4118
330
7767
8720
5840
341
8669
1049
1931
6445
4223
7702
2269
7716
5197
1573
8290
8094
2967
5039
6932
2925
3290
435
2293
8023
9016
3834
7689
4027
8501
22
5069
2569
7593
8598
2665
401
8326
489
1160
6484
2723
4615
8938
2788
730
6656
460
3834
9771
8667
4163
3387
2519
1344
8362
2952
5295
1010
256
3401
665
4257
173
1924
5084
1226
5049
2982
1310
3651
8018
3449
422
7641
6349
314
86
4551
920
9092
8782
3455
7311
9151
5992
1772
5751
9683
1148
954
4479
858
8206
7508
9285
3365
2703
7877
1890
3142
5522
6913
3521
8515
1447
2011
219
4042
9567
6207
3034
5689
2901
9020
6117
206
3917
415
2934
2278
8703
3913
5602
3735
1758
7811
7439
5807
2624
5353
9366
6448
3172
7831
5273
9272
458
1247
2934
2217
6240
6114
8996
3279
7215
2292
4247
5460
5462
6349
5783
3483
2433
8342
2216
8590
6143
6192
5405
5073
4051
8693
567
3382
3121
9999
2104
4861
4285
681
5153
637
5056
8527
8885
8891
2729
1237
1336
3840
687
5035
8257
9310
7588
5969
7442
1705
547
9133
5182
5423
7105
350
8021
4096
5375
8126
5585
3112
7247
6652
4578
5369
3470
9401
9748
2968
4302
1513
4887
514
6393
2824
1686
9156
7239
6145
6509
6711
1077
5627
5750
7489
6822
1178
6484
3
2511
5070
4875
6201
9011
858
7764
3586
7642
1519
1178
1674
8562
5513
9149
8340
4989
1321
4715
9312
8510
444
4871
9287
6150
5794
5429
6107
987
2536
2795
7284
5903
8655
6184
3657
3000
3119
1573
5297
4131
8138
9869
4601
7520
4951
8001
6331
3787
8636
9562
6663
8862
3470
6257
6397
4218
7818
4703
2382
3775
2344
2247
3158
6142
4598
8453
2575
9693
2594
244
578
2192
5004
1373
8309
2016
2399
549
7236
4648
781
4756
7059
3459
6371
997
686
7347
4780
5
831
2281
6168
9645
8056
9304
5540
622
4676
6866
9704
9117
5601
9403
3719
199
5178
399
1473
2625
4341
221
5179
6749
3788
3390
5068
8350
6975
4600
8541
8059
3480
6126
3077
1990
5399
6929
1874
4965
2068
7422
8212
4130
8859
8735
3069
5306
9264
5153
4156
4156
5540
8339
2730
4530
1672
7033
4052
4760
3167
9852
2491
5265
7980
5363
6865
3440
2998
464
9836
6398
8185
4812
2409
6464
4932
8214
6061
170
4805
2153
5364
2465
4160
7377
5839
4169
884
2187
9542
9665
7804
3321
5437
1109
4736
5202
5330
1368
587
9818
2138
798
8158
127
9877
7621
8796
9756
3224
2584
3161
5110
3582
7406
5053
3555
7805
3673
1335
1816
3441
9960
1732
9491
9240
1239
1988
791
1233
7194
305
2317
5460
2473
4726
473
1484
2107
4579
5104
4234
6864
8618
5441
6015
5624
4677
1236
7559
8383
7934
4795
8179
9844
3913
4901
3744
5555
2932
1661
7603
3081
7340
7123
1527
2818
6121
9041
6181
3728
8545
25
10000
817
2343
4299
9827
5751
803
9186
5463
7040
8707
4279
2728
2892
2937
1884
8979
3272
464
2572
4923
3882
4101
8657
7872
91
5194
8584
2698
1500
5754
1433
213
7438
95
8847
4900
5582
2419
4793
3393
5656
6507
9708
5203
7851
6392
3831
6866
2446
4618
6029
1011
6566
7279
633
2564
6219
4549
1772
250
2726
2621
9219
1668
906
8774
3352
4901
185
5401
9847
9716
6612
3859
3565
5312
5271
1675
4866
6971
5995
5146
7087
2136
4680
3851
1845
6783
4432
9
8375
8599
3050
9759
2445
6768
9433
4585
5197
4370
1680
8381
2907
6067
3819
1471
6551
5894
854
1697
3814
4802
6507
3881
3521
9319
4603
4021
201
171
5363
4248
1084
9643
5418
1237
878
1190
655
9910
1178
3957
1614
613
9588
7142
9972
7219
2408
6033
946
718
6641
7175
6968
721
4969
9501
6526
9673
7222
1475
1244
264
4619
38
6101
9135
8518
9415
7539
2085
5318
2491
4852
2665
6601
5799
3802
1111
9703
937
7596
9424
4590
5880
8854
5828
1760
426
2136
8229
881
7372
7862
2581
4061
1252
1182
830
7714
3235
3559
2946
3349
4040
2360
2026
8299
7503
7286
6550
1426
1843
5287
7420
9684
1613
6944
1369
657
2243
835
7992
7857
9132
1891
7047
1423
7305
2459
8583
5307
650
9230
963
6184
2366
7471
226
8725
5263
5110
1059
8112
1229
7171
6992
4157
6786
9256
6730
918
5715
53
3788
2617
22
4254
3848
4240
9065
9756
965
8597
6563
5612
4896
2323
6616
4121
4655
405
7453
703
8838
9346
4454
8460
8252
8558
2024
9823
9939
6844
9851
3801
423
5545
7072
932
5979
4194
902
3895
1548
4514
993
2221
8319
2966
5040
7796
2363
6839
6584
1122
8375
6612
3211
9381
1740
9521
6903
6516
2869
9663
2102
6630
221
7730
6050
8058
3554
3419
8124
8229
9077
6953
4816
5136
567
6606
2917
4750
7357
9329
4798
4083
2727
8708
1480
3409
2487
4792
8623
5396
4086
525
1409
6604
1756
580
1107
501
1986
5564
5398
5606
1365
399
1277
8784
5652
443
2150
7627
8631
5261
5226
865
5773
7507
8951
1905
4371
3628
209
8506
7883
8530
2881
4627
954
7000
1013
9574
1197
4535
3260
2521
3809
1277
2387
8760
8101
9162
704
8257
8996
6227
8670
4262
4415
6390
1734
3862
7712
3533
3980
8961
206
2127
3347
5627
7388
2606
4727
1628
7630
6635
8613
810
2580
6837
690
3566
5680
1752
7653
5105
5449
2608
4904
5717
3202
9172
7165
6889
9181
2499
8710
8203
4251
3282
6628
9950
7117
6682
1075
2821
3700
891
5827
1669
299
7420
882
9463
5179
8273
1307
1588
1652
9235
4481
7145
921
4775
7478
2118
7818
8120
7402
4994
42
2017
4345
8778
9291
9661
2947
6389
4349
2511
4402
6796
7691
6853
4540
6053
9740
96
1767
2470
8819
1683
392
2044
5661
93
2028
7495
6905
7491
4892
2822
138
8743
2091
9611
7644
5886
2965
8294
9319
4309
460
7689
99
240
1844
9766
569
9670
5238
5947
5039
1471
8895
9212
8544
5
9605
7317
8729
6427
4014
7766
9699
5656
7349
2795
3402
9989
9997
4721
7319
3691
5074
3542
8466
7051
4053
8081
6761
4354
8656
4967
1054
3789
1045
6859
4277
7923
7715
5197
9550
8130
9073
243
4850
2804
7399
821
9621
3338
6007
5729
5420
3928
8174
7407
5246
9822
8708
2650
5996
6023
4259
7637
4971
4256
1115
2603
908
5509
5108
3523
1911
2668
7372
609
4154
813
5975
7169
888
6546
9483
7834
8900
4203
8704
8318
6578
38
4321
2441
5842
6519
84
856
945
6207
7545
8386
5642
5136
8787
9935
7625
2659
6109
7087
6284
5700
3236
3609
6457
6611
8468
5271
4055
77
6057
5668
5300
9078
5594
268
8797
24
5066
6829
1070
2942
1037
8717
8388
1417
3679
8824
4405
2589
4331
2326
9449
2220
3112
2258
6514
2717
4224
7003
9506
2671
870
137
7495
8700
2122
5304
9963
3068
9485
1458
2256
2802
596
5628
7653
1689
2910
3617
2953
650
6728
9918
8925
7861
4978
9470
474
4916
2512
7667
2428
4745
4265
426
6738
6618
2055
2822
6157
7812
8698
6930
1236
6808
7508
9454
4552
4809
2280
8408
1262
3217
3174
6240
4115
222
2537
9151
3087
7360
7539
5866
1288
3907
5278
3983
6122
3829
2185
7127
2146
6752
1422
3650
257
9212
6694
9191
1950
2606
8350
8106
4023
9754
157
5481
2195
7394
5715
5482
7938
8790
7534
8366
821
2774
9624
6126
9735
3186
6133
6180
1158
6598
9384
2659
2596
4265
8172
9190
8771
5924
7434
612
4114
2087
8060
9321
9377
6181
5643
961
8085
1434
9991
5911
5793
3511
1382
2048
884
4782
6625
3062
9249
4885
2326
7579
9383
1647
7682
6028
2570
5681
4633
1801
2212
3534
7949
7029
5583
7292
6850
869
7353
6669
4175
7592
9079
5490
9586
7084
7025
8099
3809
4903
9161
71
9569
9027
3189
7148
9920
3813
8851
4818
1281
3722
3929
62
147
3775
2564
962
2365
7579
6813
6973
5244
7918
7780
3330
4887
1334
8855
853
839
5828
4593
2244
7688
2098
1197
8871
5174
2910
9200
9512
5907
4765
5192
8622
8061
7830
6978
8177
8318
9512
2388
8945
8828
9752
272
8205
1097
5901
695
2681
1551
2602
1679
8900
6983
8138
1164
8319
1962
8267
4062
1733
3537
352
1120
6848
3037
6818
2464
2167
9273
2624
9611
9916
4725
5755
5876
220
9402
6000
2067
4012
4474
8874
461
6829
2752
9517
3449
6449
7755
5254
1542
5046
1815
5543
5768
6474
9109
9524
9084
6497
1325
4507
7369
1927
8546
8850
2472
1508
8391
7099
7999
2275
1544
8046
3896
4041
9049
1895
1541
3896
3678
5157
3435
6321
5648
5668
6720
9793
2200
1475
9384
5376
1534
1388
1442
8619
4233
7418
9110
6307
1410
2661
176
4691
7721
7612
9040
3446
4403
5291
9381
640
5074
5280
4244
6226
95
5144
6618
5853
6834
6408
3151
3187
1453
3757
6114
6364
2930
114
3492
5510
6090
6660
9014
1964
3401
2611
8208
5141
6967
1028
2069
63
8335
6751
5308
5831
1011
2993
2843
385
6464
4003
9473
4929
2087
3568
7413
2586
5200
5390
2798
7572
1690
169
9353
9115
2884
6871
6804
7515
3980
7643
3408
7609
2883
6860
1667
5938
7432
4825
8745
8577
8370
679
6084
3578
6440
9710
5588
9310
752
8657
1735
3944
8374
8618
2775
3851
2332
1579
9348
9312
6881
1081
8983
8502
1717
8517
4963
8596
209
1858
1872
2466
7907
3306
400
8820
5646
7293
4388
153
7918
9026
790
4556
9809
6044
8320
1038
2890
5026
9849
5626
1906
8800
3661
8592
4453
2918
7685
7440
1015
4895
6933
1336
2853
54
1096
8950
1708
6182
5319
1567
3079
134
6498
9871
7829
314
1265
6924
7704
5209
7546
8649
8772
7274
5800
3623
9453
291
875
4987
8490
2472
856
2646
2687
1727
4077
589
8885
4147
309
3196
7039
7843
2785
9965
7304
3269
4333
1133
8263
3835
1678
9134
1509
5327
9733
4862
9888
7241
1412
7309
5172
1881
7019
3036
4734
6333
2890
3308
6086
5381
8116
5504
9851
8487
7924
267
9236
1595
7215
554
810
1617
867
9658
5188
5174
4523
3918
394
7544
6121
7755
8614
751
1099
7163
4610
4885
5901
4782
8713
4164
3412
6663
9356
4196
6802
5880
7783
9433
2470
6864
6745
5357
6380
2888
1776
6109
9672
2749
6935
3932
1773
4327
6814
2851
2038
2766
2028
7663
3046
952
9748
5935
661
7999
9190
3070
7439
1112
6287
1081
1730
3961
7406
1079
5108
1379
2312
515
2456
8757
4840
3915
3741
4717
9977
7749
3588
6742
7529
2503
3574
2609
8319
101
1477
4220
6757
9551
2050
4756
9851
927
3695
2159
2537
8081
725
5226
2582
6891
6688
7182
5149
4517
4382
3843
1434
4169
9682
683
5888
2728
6320
779
6178
1022
6132
3561
9726
5286
6917
765
4775
9237
9689
5499
6535
2634
9452
8407
1804
6020
8340
655
5459
749
7656
5822
325
8499
3343
1981
4488
5420
9510
9006
5302
2409
7830
7207
5510
5332
6139
7090
7965
101
1164
8484
2979
8804
3209
5456
4191
6860
6214
4268
1153
5093
7783
5157
7718
5019
4644
9638
4120
8607
7505
479
5999
8830
1288
2293
4249
5125
6199
3927
6663
9677
5114
614
1932
9336
837
3294
1938
8222
6569
8316
8150
4081
9698
331
2978
4131
3933
9370
3729
3791
4729
6046
5565
9966
2055
2566
8079
7465
4706
8180
5164
228
1454
9826
250
1755
4570
7623
5941
2390
6094
3905
7170
5695
3895
7175
6019
5512
223
9678
7149
5324
1235
1582
7295
4182
3409
1563
9536
714
2567
1090
5280
8996
7442
7250
3369
4051
7562
5880
2344
962
2867
391
6125
4630
469
8359
2444
6307
4203
7186
5313
2753
9722
3512
252
7727
9869
6252
347
9779
2885
4763
2747
884
9562
4351
2128
434
6390
30
4494
2456
95
8121
7463
7017
10
3766
1680
3873
5294
6930
9248
9277
8307
4741
5122
8100
6756
6852
6498
1848
6861
82
9499
3632
3368
5587
4577
2379
1729
6066
9056
6041
5816
7942
3782
7400
86
4981
3185
5839
4302
9273
7852
2731
2613
3935
3787
847
2646
6793
5573
2052
9643
7902
3746
226
1396
8821
7341
3658
9459
970
5822
2027
4049
5772
9785
1744
739
5371
4585
6010
7333
7719
7349
227
3885
7130
2648
4478
2388
2605
1732
4757
5601
2348
7711
8006
7188
9656
7020
6291
4649
1453
388
7188
8426
8045
9252
5575
7480
6547
9477
8303
4797
1233
4510
5084
8037
2556
8191
8645
3921
7225
4471
6410
8580
306
8600
8115
9693
3403
3984
3974
9219
2431
2820
5292
2805
6761
2755
2885
6640
2360
2571
372
1634
8662
8904
6494
6906
7690
1446
9596
8300
3432
8835
9434
4615
2064
5753
5732
5132
343
2519
6835
8222
6925
8782
7939
3318
6827
247
4708
9566
2580
3498
9815
4398
9766
1016
8667
9853
9723
1092
9780
2769
5333
8661
6325
4609
3220
3395
5530
5293
9868
6926
9779
6673
6013
8931
6841
5516
6082
3448
9096
6366
6620
2658
3665
1027
2285
8445
2722
2017
407
4411
5947
1803
5384
6189
4542
1280
5572
9364
3949
8616
3607
374
394
238
7254
9613
7181
806
5143
1337
9329
8525
5887
6434
8628
6932
3367
3713
6714
6953
2766
88
5005
4326
1189
362
128
2046
2928
7775
7362
77
8360
5671
3941
1753
635
1662
8147
7581
7188
7066
4029
3324
5414
574
2793
3682
4147
6246
4004
503
530
6662
233
740
7195
4412
4414
7096
6330
4232
4354
6488
3068
6827
7354
6801
742
9565
2464
7864
2745
4460
6640
7774
957
2219
6480
2788
8348
9883
7957
7524
8471
3611
9214
1361
109
5068
4106
5590
3012
8960
8180
1919
7902
7590
9094
4975
8766
701
4342
7728
6363
3756
6104
4592
1037
6316
6512
8306
665
7720
5986
4964
2344
1011
2290
5439
3167
7204
4414
4552
8573
3123
6718
8385
3567
3017
56
5685
9506
6920
4350
2980
8230
2481
7612
8343
8690
4582
5814
1422
1618
5929
3432
8789
1947
1104
4613
1581
7600
3444
9666
5684
8121
4524
8933
2748
1546
7757
5030
986
8488
164
5297
5041
3605
2219
5226
2590
742
8730
6640
8840
2706
5044
35
4881
6776
1096
7921
8225
1291
6011
3554
8501
1172
5317
8403
6006
9946
423
7702
2671
7518
1232
3057
2038
3605
4848
5402
365
8435
4456
8623
3950
3703
329
8440
3451
5039
2058
363
9830
2616
6237
2020
7534
8840
1625
5040
6026
7453
9626
8827
9359
9784
6740
7401
3185
3915
4008
5691
2413
7213
2848
1866
1918
7817
8549
5789
8233
1374
5921
6380
3570
9316
5211
5987
3272
9273
3891
7791
1706
5596
8464
5382
2684
7084
4600
1440
600
3447
7208
4450
1920
5805
6900
4571
5449
6059
3488
1130
7664
7905
8345
8025
1580
2530
6134
3754
6863
4570
2124
6835
9507
9972
7364
6260
8718
1987
3074
2176
263
9226
7603
6256
1539
5878
8069
9900
8965
3106
2960
9871
337
1284
3935
8017
5547
6260
5653
4606
6306
5331
7102
342
8939
4121
534
3385
8007
1064
3893
6698
351
2209
7407
3048
3781
1063
7683
8149
4763
8505
2767
9144
4340
2874
391
977
2287
4588
7461
2382
3091
9813
3080
8076
7083
2203
4441
285
7057
6183
5822
703
5336
5635
7328
3890
4954
1138
5541
655
6313
3325
6253
669
8350
4689
3170
9213
739
5341
2855
2918
3030
2365
9072
2661
5632
338
6852
267
1334
4190
936
1999
8714
6544
7995
2220
1975
1854
4520
532
9926
6522
592
1579
9957
9080
901
8019
5112
622
457
2325
704
4478
5741
183
4865
765
4876
2315
5012
585
5217
1075
7475
5440
7247
5646
5094
4986
1451
9284
9047
3212
5938
5782
5461
3213
1007
8126
1591
4462
2522
1245
5567
3718
5026
8568
9983
6798
8640
8196
3112
8079
3801
2503
6982
332
6397
3996
9891
5515
2326
2332
4534
9570
2853
9095
3092
607
2899
6778
6958
4718
942
9210
123
810
1126
9463
6434
5606
1050
7298
2693
6990
6770
2815
2357
4322
2796
3465
36
6239
6249
4665
8039
8011
2069
1902
1909
1114
1068
834
4056
6856
7740
3602
1261
187
6888
1695
684
2069
53
9060
2878
6870
6451
3674
7234
3692
4777
3527
566
7265
1557
6756
2625
5850
7345
3875
1330
6267
9760
5992
117
381
3784
3524
5959
2671
5894
943
6028
5185
9396
8587
9048
4079
8769
655
1739
6125
8929
80
699
8683
5081
6435
8865
6662
3343
7829
4617
8010
6178
4984
1315
9861
6301
5009
9361
889
9984
791
262
3961
7582
2073
2874
5990
6219
1319
3417
1953
9210
1863
3027
3108
1960
3710
2289
5699
5240
5247
8401
5750
2409
1113
4098
1403
4775
2327
1403
4331
2183
1781
7058
4664
7224
5616
8456
3644
2092
3853
7134
6433
2947
8818
3347
4416
242
7558
7789
1627
5211
8587
1061
3837
3981
4444
4517
5395
2599
7053
1808
5194
4565
5927
3822
9828
6249
9841
7778
6476
7772
1182
9408
9146
1837
7859
9663
9900
214
5099
4399
1823
6766
3256
6403
2364
3076
4389
9083
9660
6385
7114
856
9248
1453
357
5614
8954
9841
2812
4184
9934
3504
8146
1204
222
7822
7746
9823
6709
625
1035
6770
4255
1503
922
7319
3495
2476
3899
642
2107
8282
9126
4050
2937
8539
2506
837
8123
7565
1482
1319
8478
1154
4821
223
1466
5943
8437
7142
8028
2043
5508
8782
180
2215
2005
8388
8176
4350
8641
1970
8299
9180
1418
3490
4881
4728
8375
189
4812
5901
4453
1624
457
4647
9818
324
8296
6874
4568
2999
3281
59
4569
7590
1698
3393
3522
411
3738
9361
9833
2755
2404
5428
9573
7442
5255
9707
7273
1367
442
7164
4824
8016
925
7216
6275
4561
9109
6005
9245
387
5962
5001
7159
8754
4714
9864
5352
729
2224
6467
2622
9678
9781
6539
4516
5871
6948
9890
1058
9415
8723
3019
5941
575
7440
4951
1035
1522
1250
6337
9963
8760
2619
1301
3194
7915
1929
8857
3738
1256
2693
2584
7478
8075
2272
6595
2528
4129
4834
2953
1792
5020
1368
3136
9890
7219
8140
526
3843
4026
3991
583
7383
1745
7481
5223
1766
8919
6676
5141
4454
6354
1154
7170
1752
917
6147
6895
8502
2556
6553
7935
8263
5836
4354
8263
460
5126
492
1945
4260
4197
2451
4427
4298
1950
8591
513
8414
1303
9781
4297
880
3067
1883
975
3925
185
1178
5736
9170
9736
830
9019
3684
6668
1071
6013
3094
4967
7792
4074
763
3792
3699
8967
8404
6372
2558
8508
1620
8108
841
3712
5372
375
3757
9671
3304
1018
3933
7409
904
461
7901
9853
2476
5669
4231
7250
6680
9219
2259
6980
6860
9357
8067
8580
9511
575
9263
104
9877
7165
9016
9718
8235
4061
2365
6825
4052
5262
4762
4358
1657
633
1820
7825
381
954
8685
9893
1410
8778
5141
2604
4045
551
7157
2778
3738
2107
3865
8128
2116
6264
3417
7910
5998
5168
1645
430
4541
7826
2981
8372
2129
8369
5741
8189
643
2633
101
6089
2233
1637
7981
2901
9735
729
1266
4683
4992
916
8978
2384
4403
2579
7043
2914
2059
9512
7760
2590
9409
1715
3519
5743
1223
2967
6738
3736
9799
7104
4655
9694
1513
9795
2736
3823
3832
3748
9357
6875
2915
6659
601
3681
5706
7087
1360
114
4540
2727
7298
8729
367
5186
5352
7815
3311
883
6851
9541
1906
6872
5793
5526
8336
271
7010
2391
6766
3842
2146
5832
4173
1363
8341
7173
1434
7885
1134
4139
6116
7501
5718
9979
3398
6705
9130
2963
8930
4986
1346
1480
4815
1308
5349
4969
4104
7965
1316
1040
8711
2981
4770
5535
3456
8670
7515
5977
2791
8578
9297
145
9539
4114
1812
525
6664
4380
7312
1420
9027
6530
3611
4902
3935
630
3381
9734
651
1344
9216
6463
9384
537
5658
9596
2069
6554
3619
7629
556
4131
4344
628
6842
6293
8602
7646
3072
9183
7269
5199
7184
3849
9407
5088
5783
5411
3966
7471
4869
9316
3480
2776
4932
459
438
2702
8990
5171
4882
6009
1602
3351
5347
3526
1863
1529
1072
8636
4502
5699
1420
8817
6063
1999
61
8025
8376
2928
5095
4181
4827
5070
5308
9575
731
7756
4519
9152
6259
1497
9328
9014
8597
9522
9603
7977
1701
3281
4395
2053
3011
3287
8269
5758
5322
8586
6341
928
2232
8292
1611
6893
6755
169
2720
8922
9128
8996
3575
3340
3952
5884
369
3742
2659
1619
2510
5217
1388
7103
5324
2009
2364
1700
9905
1047
9272
733
9795
2469
5235
8085
1544
5067
4118
7467
8192
9538
9152
3050
7969
3992
5445
1664
4071
1039
5933
1726
6757
6420
8352
6896
353
5790
9754
4331
4857
2948
5941
2993
6823
4634
2047
4696
9570
5382
4528
2834
8276
4632
9252
7738
8968
270
5770
7836
30
1570
1119
4688
1517
9692
34
3667
7516
7698
4101
1506
3248
1456
6437
6136
2314
5475
8535
1700
1877
8088
6111
8951
4334
923
1299
6552
7268
5073
7909
93
2172
1908
6480
8168
7940
8724
3926
6264
215
5635
3184
7415
3799
411
4990
8967
4488
3883
8271
7347
4614
5714
562
7338
1692
2901
6374
4118
450
2478
5455
7825
5993
2973
3326
6431
2541
3553
6706
851
4818
1594
6206
4478
6999
6372
3673
5789
2709
4764
3375
6071
7184
1505
8108
5725
3225
3833
6023
1861
9018
9916
8091
5206
2439
6143
7673
7434
6769
9138
8272
6039
1810
9185
6977
7868
1744
5671
2361
6003
8206
2991
6397
3868
3832
1813
498
6500
5482
6051
3538
3755
1549
8753
5280
4672
751
6407
9355
9501
458
1586
9781
1512
5595
414
2847
523
4415
2221
2225
4680
1001
6833
2579
4778
2567
53
9365
9189
4660
2458
4545
3917
7727
3919
3818
4830
7598
5122
81
4949
1920
5795
2898
8263
7279
7147
575
226
2284
8929
8989
7548
3266
8479
3373
4077
3458
3577
7987
5137
4094
1761
616
8741
3687
5639
6411
3081
8914
2678
5838
8777
5499
3175
2492
2114
6629
7286
2297
3250
4220
6814
203
1425
687
6427
9921
4784
1994
7731
9798
5005
8405
2138
4837
4555
758
9723
385
1800
8872
7893
7697
7725
1710
5349
2592
80
8884
9301
8246
382
4452
3389
6574
7640
6597
2249
5233
966
9779
6448
8020
6840
2880
9460
6241
2812
5489
9986
2678
1111
504
3883
3014
7408
1956
4659
3047
5108
5662
1348
5304
3762
4700
1575
1282
292
3868
5787
4137
3279
6672
5343
8720
7873
1995
9250
3368
764
3325
2110
8524
3647
2834
6125
2612
7868
1326
2576
4965
7811
646
4073
3382
2338
6205
1929
5396
7916
323
6007
8002
8587
68
6750
1575
5621
2770
9055
1164
8957
3402
8358
4109
7733
8724
4076
6365
1561
2528
2515
9132
1702
9847
5211
2508
5529
9893
39
2162
6961
9345
7880
9064
3368
8620
2160
2045
8835
1695
2689
4612
3165
1601
8403
7459
1900
9059
2080
7623
6205
1174
3899
2746
2457
7608
4076
2688
7269
3021
642
6166
5533
266
666
2410
9491
4633
8991
5293
1892
6252
591
2710
3118
7253
2503
2663
7919
768
9367
7603
4355
8268
7694
3447
9260
6428
2585
6818
4403
3115
9213
2071
7001
8686
7174
4129
5169
8635
7820
262
1480
3409
6917
4771
8684
4206
2715
3148
3099
6107
7549
269
4600
5165
3633
3840
9043
5552
8267
3787
5074
9592
7817
5720
1006
2645
9571
629
572
6440
5620
3006
411
2635
295
2488
205
3265
6558
9433
7507
6037
4355
7456
9613
5549
9385
8786
7069
4774
2321
9347
8810
5168
5438
6195
857
8366
9564
5489
6949
2739
4018
7229
6167
8248
8193
5576
6760
2395
2790
9534
8585
5847
5631
3063
9104
2079
547
8337
6567
659
9570
6645
811
8884
9813
5974
7561
7119
6915
5307
2639
6834
1827
6347
9854
6248
6976
1338
5727
3750
8054
4601
9268
5473
156
6985
7602
3759
275
4675
4218
2929
635
410
3474
1155
2517
7047
3085
9947
796
5684
9555
4741
7622
193
2573
7584
4610
4168
5230
3103
7074
5308
3137
2606
889
4217
6880
2606
8616
6566
6008
637
1364
6648
1357
2067
4466
9687
8406
8555
3890
6956
7633
7012
3096
4203
192
9246
9671
4061
9515
3891
7577
2127
3974
3366
9369
944
9391
6606
6285
7983
6239
5677
6106
8046
2568
6708
2008
4675
8957
7873
5749
1728
5087
5159
2456
6645
8031
4066
5153
1225
8161
9795
1173
3278
6859
4482
2847
5821
4985
8626
3611
5025
4550
1116
8094
3342
887
744
8526
623
6180
3293
1732
5617
9783
9649
1677
5660
3701
4174
939
5668
1389
7959
2327
8321
5737
4277
8336
7383
4854
1990
3138
3856
4892
8953
8464
6116
6556
2569
7131
429
5831
1265
9984
4915
2961
6349
4349
4881
151
8509
1236
4585
6507
3462
2114
7077
4916
2071
8424
2589
1901
9238
7531
619
9540
1434
4770
5633
9629
6821
6804
6059
682
3904
5013
5661
5811
7848
8376
1772
3857
3419
7865
1100
2299
4148
8772
6458
1364
7696
8270
9716
5043
5789
5477
6744
8500
4011
6432
1370
2851
3443
8260
3489
8517
4881
7100
5301
8753
2137
1304
478
6966
6999
1874
3539
4
9277
7620
7514
2684
1508
844
1948
2849
5114
4418
3313
5548
7320
3966
8165
6181
4309
2428
7292
6775
3964
721
9686
8163
9457
298
3253
5135
552
3738
3650
6124
1028
8260
7156
9971
6712
5605
7496
5027
8987
6514
4943
1259
6527
6745
6571
8472
2483
3125
9888
4283
6658
9018
8829
9106
4580
4611
9000
3894
8974
630
2495
4887
1478
7878
2097
4626
2507
7940
9064
1612
4035
4885
5920
2385
7979
5604
1032
3676
3328
2070
4552
9724
9394
5925
3805
2336
2807
1765
7611
518
5010
7553
6956
7880
950
2512
7462
9981
7568
3146
2523
5754
2501
9823
5568
505
4697
3178
1740
4300
5861
7130
438
3626
7014
6148
7527
5420
666
3788
2567
7436
9273
1128
6750
4310
5185
1420
242
1537
4844
4787
9896
3196
7347
6154
1641
6702
1124
6848
882
3573
1390
8024
2684
7961
1538
530
6211
2117
8144
5100
4033
3141
8786
6325
4124
2673
642
5500
512
7575
3958
9335
3781
5973
818
3034
6726
4131
7933
2738
6414
9804
3815
8518
7812
8128
1844
6526
6549
5744
5247
4815
3276
878
6264
1330
483
700
5434
1172
1654
1198
1670
8775
1397
461
3832
5399
5126
2596
1510
4915
6127
1834
9947
8819
6316
3846
5700
4517
2446
8772
3521
8785
7182
6562
8361
9719
77
8531
9787
1063
1623
823
1809
3059
233
256
8099
4871
4469
686
876
5508
4942
2364
5616
3720
3059
947
2636
444
3871
8614
2868
368
6362
7296
3894
8310
638
639
3468
8570
9397
4924
7521
7426
249
3831
2194
1175
4420
8135
4207
8991
9647
4988
9600
4252
1079
5735
9573
2181
2247
13
7198
1198
4021
769
5388
1166
6556
4687
8874
5572
2915
6968
5670
8023
1962
9163
7071
5641
5927
4749
4381
1028
9482
6557
9598
1313
972
3395
970
6201
451
9222
8787
5577
1909
2201
1003
4285
9328
6746
834
8104
5834
7977
123
4576
4934
3805
1386
3048
6972
3601
2347
3076
5785
2197
8868
5997
4073
1400
3544
9448
1777
7470
9736
6732
4447
9411
5781
1885
2197
4062
2078
8350
8061
8733
9277
1832
3950
1759
629
5863
557
603
4878
7376
3162
2561
1581
1874
9458
3471
593
617
3230
1490
1220
4867
9313
4875
3467
7801
843
3908
7224
1237
8975
9010
7246
9831
3160
5833
2675
1209
6452
1995
6420
7119
2933
4056
6859
1325
6413
4037
8569
596
7983
7724
1350
1757
6015
9281
9673
9151
2272
8914
2127
7261
1646
9125
3439
5493
1722
2865
8205
7448
1224
4402
7200
5266
4846
1451
6541
8211
5769
6562
6330
5944
9531
1013
4334
7333
4441
6948
6242
9382
7587
6235
8839
1415
8176
3037
3394
689
3709
5720
1868
5508
8589
1336
6446
7259
7414
9637
2905
9037
4375
6256
8204
7304
4048
3393
181
172
1137
5570
7402
8653
514
8388
5393
853
3395
445
7207
5178
7083
2116
6828
3565
3440
7730
1621
3641
4173
557
7425
8056
7599
6816
4215
2910
1730
3369
3754
8509
2845
7498
5972
9965
2711
1933
3759
471
3461
1840
9036
7716
9307
7082
5621
3046
8305
9797
2332
848
1686
9445
4624
504
3358
5889
7060
6493
2110
132
8784
2685
6557
5698
2975
7460
1404
6110
151
6549
6821
221
2961
8895
3691
2668
5839
9492
6576
9759
1761
285
1458
7859
7627
7698
9739
8483
7977
4600
9886
1218
6769
9512
465
3840
6631
7411
224
7044
4452
2643
689
9005
841
9292
3777
4605
8655
5813
7018
6266
3000
5282
2913
4394
9775
3470
5136
3747
5039
3956
6918
661
9483
686
6638
1947
4895
4889
5595
7771
2000
8650
446
132
5194
8164
9632
8274
9126
682
8822
5651
6286
6826
9727
3315
4076
4762
1393
1521
9974
999
297
7088
9620
6702
3796
182
5587
3608
5915
5400
6995
3057
5100
6989
9221
7270
8588
1675
8891
8220
331
993
9807
2352
5114
3421
1552
3615
1648
6603
8341
90
499
1763
5426
4890
3671
9305
6683
3789
1302
6948
9528
3842
6128
7689
5094
3178
3053
4331
6611
6402
7249
8265
1400
9511
4369
6166
8660
7687
847
9670
4382
9426
4366
7600
7169
2125
9497
5485
1223
7086
2446
7887
107
9822
5373
1046
4973
9270
372
881
1811
4597
2784
1395
4977
5401
7392
8838
2962
7473
9710
9863
2329
6827
2069
8522
8256
6731
4448
5079
8545
9759
51
2587
3724
2412
3909
600
7566
2586
7537
6853
7877
1361
4725
119
4635
7184
8789
8957
2303
6433
5897
664
832
8735
4079
1598
2895
4326
2374
2015
5072
9457
5044
5473
2051
9686
3007
8673
5593
8601
5620
1859
3394
6252
5499
396
9957
265
9969
8473
7277
4189
3263
9983
4125
1431
4886
5243
7292
1925
7783
1951
9132
1866
8611
5347
6597
8645
8503
7271
4118
2603
6147
3951
5535
9164
3773
5009
8218
459
6440
9808
4053
3081
3131
1214
9442
9454
9758
9906
6499
9362
8884
5442
5914
5203
658
9145
9113
2570
3510
7564
7608
1191
8240
4530
4062
8872
9817
5457
4484
6636
8221
5985
1080
2133
5625
7361
9037
5003
6234
190
931
8929
6484
1421
8558
8351
7119
1855
539
2694
3111
31
984
7068
5432
6653
596
5959
23
1291
521
8773
8073
3639
8046
9309
913
3407
1534
6943
6203
297
7845
4796
4505
4358
2354
7839
5649
120
1842
6839
9392
5605
813
8123
7817
5289
1667
3449
7808
1424
2851
4750
6978
5778
9781
2034
3202
8407
8221
9751
5754
2826
3136
3210
6868
454
6705
1361
2635
6052
6401
3654
8534
7001
1013
2479
7331
6226
4023
4716
1549
2073
4157
7261
1417
4456
8628
2264
3146
9045
1796
2408
8497
5625
3982
2839
4646
5304
5568
4167
1748
7702
489
2170
2727
6811
1244
1363
7092
1976
9846
843
2391
2509
1240
1292
617
6708
219
5653
6121
5929
7814
7877
7559
7103
6273
4337
5011
3519
1377
9953
9981
8025
8427
8554
5236
5573
7782
5143
3311
9500
3460
7207
965
4495
3274
1036
6082
2948
8485
3228
9271
1608
6390
2056
173
1024
9987
3112
5293
7724
8565
597
8525
396
1599
8970
1484
2247
8943
9729
3859
7239
810
2670
1501
9739
3120
745
6037
4146
7411
8469
4418
8286
7869
5113
8267
9433
4575
9522
2023
8095
599
6950
3207
8629
5518
7993
7468
6716
1348
7425
2102
8968
8588
3278
3281
2770
5650
7129
4198
9953
3296
3101
7778
9333
1869
190
9512
6420
4107
8928
509
5929
1896
6778
9845
5481
4986
2867
3928
4364
250
4761
9690
6577
390
6193
8624
6676
1583
8606
3211
8157
3421
7179
2564
5249
5741
5862
3285
7691
6687
7044
366
7066
9067
1308
5789
901
9820
9937
4393
1394
4964
4661
1693
6614
5313
3784
7609
8234
7771
8163
2261
1352
3492
2056
4965
6888
2935
9559
8007
5408
8980
5232
6265
7987
8367
5486
5080
3960
6516
2214
9367
6288
5411
7600
2521
2528
8909
1923
5708
9746
5487
2790
7413
7901
4244
3096
9529
656
2418
9422
8783
3291
1307
2888
2046
999
5301
9867
7893
7259
6866
9242
2601
7239
905
6543
7368
4754
1695
9092
6088
9731
1165
2308
7638
8844
162
6838
4342
4966
6135
10
1158
6336
6716
1143
3176
5690
3075
4813
5535
7074
4774
5322
9408
7333
8499
2541
7859
1636
2873
8201
9087
6298
4765
8106
3459
9766
6762
2602
9427
8780
2849
5511
1543
4588
626
7304
2572
7476
5964
9689
8361
5627
2234
2440
1062
1380
6443
6598
1768
6108
1339
3186
700
5625
5877
1390
3402
8206
8763
8437
2083
6388
6478
776
2298
3406
5771
8059
9058
9454
3472
4606
6914
8334
1991
2492
9998
9212
5609
908
6450
9462
897
4413
2703
4933
833
6203
7212
9596
5812
219
4913
4107
3023
5273
3664
8222
6358
8268
5385
118
2199
732
4948
2193
1343
8998
7591
3641
5975
6946
2707
8214
3795
3582
7432
2667
8241
513
9640
7011
7035
3
8287
436
9274
6825
2399
7345
9163
9933
2624
1912
9729
7218
1575
1123
7949
6438
2443
1393
6157
9656
4728
8799
8553
270
6119
2132
600
4509
8419
516
817
9766
3157
7616
1890
5083
7342
5604
5118
5247
207
2809
27
4069
5235
5086
5748
7754
5035
2584
1807
8631
5749
9571
813
2980
8595
3137
4106
2786
1244
144
5037
4794
5145
9267
7959
1261
6772
8025
7218
9523
8422
27
7154
6815
7628
2748
341
8940
6641
429
1926
1626
4951
3343
3035
4157
5136
9704
7612
2010
9450
5728
6926
7601
2925
8770
5387
3701
7819
2935
2353
5180
3512
4366
5723
77
1006
3739
4239
3306
2104
4732
4875
1819
3005
9843
3728
1557
2535
756
2697
6984
5153
6180
3748
2295
1533
1535
5884
2011
5931
5188
4738
7836
173
2292
7958
9655
6890
2987
4231
8042
1278
3520
5048
9231
7321
6661
5903
6469
8699
7560
3992
7007
452
1254
8615
2924
6190
4375
6005
4005
3008
3086
4400
4258
111
9877
7098
8523
6858
9255
4689
7142
5993
4609
9410
3462
2810
6664
1209
4206
8107
5109
1565
911
3074
6899
4145
2034
1266
2968
3948
8796
551
7861
2367
804
5085
5787
6115
7527
2447
2854
6474
1288
5958
4766
1445
7177
6428
1740
6280
1738
9643
9293
5108
7910
8939
6548
8930
320
2374
7396
5032
3252
5837
2329
3894
6560
4460
2790
9556
8253
4859
3658
5218
4845
8039
9379
6201
2834
4044
2151
2541
9507
2852
1097
8264
4141
53
5140
6977
5945
3439
5403
1282
6037
4271
6960
9654
9704
539
4808
6231
8450
7055
6049
2122
9008
5799
4403
5399
8346
7344
885
8950
1096
9362
3173
6216
6840
1681
4687
5800
2439
7168
2307
4197
3183
6744
4768
9663
7531
9298
985
5054
4985
1841
32
2392
8928
5300
2188
2449
2557
7287
8762
5247
5198
7320
660
2648
1402
138
1909
7452
1603
7088
6403
6339
6914
5831
1730
6051
5364
7401
2098
5686
6832
6083
5301
267
3265
6615
2667
9612
9013
9480
859
5666
6042
527
2704
8264
1243
2676
4920
2370
6886
1806
6790
3810
9668
3706
6680
4102
2086
5836
2936
3026
7560
7189
1925
4828
7963
2854
7071
4178
3688
3598
5411
1660
6632
8403
9306
4743
5154
9622
253
810
8200
8188
1179
9828
6887
8248
8951
4214
1612
3246
5042
4589
1497
5948
500
8151
1440
8664
3092
3256
7094
3735
3362
3282
8603
4763
3886
4328
637
2723
9058
463
1026
471
4839
2371
8625
4262
7702
8194
2591
4529
1890
9363
6265
6525
2113
9754
1236
4953
6768
5754
3591
3834
8847
5394
9228
2673
911
9713
2439
3489
2944
5322
5141
379
2101
6675
9307
4570
7304
5857
5902
980
429
9039
5867
6831
4454
7234
9014
354
6109
2719
2666
7296
4601
2313
3808
1774
5831
9640
5037
658
1124
4611
8741
8449
3078
3543
2106
4376
7458
8831
3515
2600
4617
2364
3193
6074
5090
4796
93
2817
956
7581
5006
5487
2366
2804
4876
8435
276
2012
8852
4293
3188
6053
2003
8908
8933
8346
3523
6993
4698
6326
3771
6185
4072
5055
5668
5756
4742
3997
9963
3903
5659
1285
204
2378
9103
5838
5412
5520
9682
21
9631
2549
9297
9167
2185
3280
9114
5765
891
1956
391
1343
6457
1465
5696
9715
2735
3537
7510
8753
7581
7759
9071
6318
2158
7580
3703
7968
8320
5628
6142
207
1142
3479
5862
749
714
6758
2047
8055
8014
6567
1447
9584
3205
4634
1823
4270
6388
4677
3886
6166
3519
7092
6771
99
991
3986
5267
1293
9316
1933
2882
2752
5727
7470
3258
151
8886
8411
5116
4382
7004
9741
4443
4481
8402
589
4774
6223
5483
1314
9036
7430
5469
6020
9961
5116
1915
9216
9074
6311
7191
5188
2969
9594
4529
2356
9079
2559
984
9552
7883
9011
4567
2023
3714
3658
4409
9166
3448
9716
9111
1416
2960
2889
131
9120
6510
3365
3734
6203
2804
5635
4322
405
3577
5272
3456
9262
937
5897
2870
713
2275
9336
4914
1151
6536
2809
9456
6066
165
1117
6348
7823
9967
4259
7268
5387
4238
3654
8491
6878
6140
185
9911
7659
9877
462
3134
960
4679
9273
8362
5700
7060
6928
7058
1604
6977
9734
4813
5201
384
3797
8505
2771
4482
2215
5518
376
5789
4361
9143
9667
8136
7338
9619
3773
9306
6583
5465
5482
6914
5062
9403
4471
5817
9686
4498
9391
6141
1653
5666
7451
8655
197
5564
6352
2334
146
9919
9188
405
9313
2044
6185
348
8115
9458
3373
6641
9767
2477
53
9159
4203
9589
9126
5419
4554
9862
5625
2060
8344
5319
7171
5029
8867
6831
2452
5613
6345
3460
3409
2980
7670
7288
9765
5888
4732
224
9544
5371
4198
6427
5975
5728
6933
3371
6924
9712
3601
8552
7741
5695
8999
3263
3505
9947
3028
5242
2765
8316
7003
706
3139
5353
4059
65
9629
4700
1194
7457
3796
7289
3676
5279
8474
5750
2725
8287
5593
728
7705
8927
2327
6833
4246
2883
6636
4029
4732
7359
8673
5929
6080
5241
5083
3871
8816
8368
4921
7458
5409
5205
6764
7128
6691
8032
141
1021
7564
1047
6847
6819
6791
2981
8807
9992
7209
7281
2907
8820
4031
3983
1637
6654
9538
2443
4994
8085
5214
9086
9896
2151
5293
372
4472
2567
6417
9739
6987
5222
2942
3658
207
1608
3650
7364
2514
4019
8389
4615
6280
8321
6362
7382
4852
2534
8199
9336
6724
3190
9420
5150
8215
5563
2622
9011
5045
7138
7685
3178
8884
1445
4769
5978
824
6714
8453
4220
3802
6169
7091
4962
7151
2158
816
6131
6291
4672
6481
9638
810
7788
5585
4209
663
8759
3193
2965
9569
5554
9905
6548
990
9505
359
6248
8979
8635
8929
8387
2076
4889
1783
1885
9231
6830
9350
3828
8363
2369
4634
3981
7543
9056
3065
139
564
5255
4498
793
1184
5662
8164
7044
2749
8514
6929
4682
1275
7816
1979
5528
70
2908
5555
5783
4650
948
5084
3222
4171
7988
9803
4392
4778
8210
4838
2575
9928
3731
7233
1197
7981
8333
4247
5104
2835
528
7285
3382
4619
3000
6209
9006
6189
9219
253
1264
2804
7349
2731
9556
797
8512
6051
3163
1003
9593
3211
7697
2253
5842
7151
7229
8453
4617
7357
171
6680
7881
7131
8549
9049
5858
3185
6916
3913
7187
3473
2137
2209
4003
3555
9127
2940
859
8511
1310
4686
712
485
527
9693
3339
8677
9463
8884
1288
7072
5625
5457
5349
2916
8013
3670
2842
9670
4146
7529
1030
5019
1505
3996
9541
9790
1401
2375
562
5978
9232
2276
7201
6835
4055
5625
293
3129
4247
5507
2117
2919
3637
179
9722
6346
5152
2552
9888
2345
6865
284
9711
9005
5208
7381
2320
5084
2316
3708
703
4282
3651
7653
9891
8867
3478
9307
9077
23
7958
9757
9946
328
3145
5114
7184
2780
6003
6800
8843
6198
9844
5039
9159
6291
6478
6018
8679
3002
6628
2966
6835
7673
1131
7908
4288
8022
9949
4735
6364
6706
4897
8409
9729
8424
6593
7995
3839
5979
6048
9275
3987
4428
4039
5298
9712
9269
656
1331
868
4249
341
8013
4806
950
3112
5373
8775
3567
7782
4019
2103
8671
1957
135
3357
2444
5716
5021
9391
6812
4500
9407
1454
9206
9093
9059
3576
9457
6151
8750
6637
8885
2949
9986
4858
8769
2089
4304
2321
938
7840
309
6236
2458
9578
9773
638
4594
8151
1341
9331
3888
7581
9740
1742
8241
6226
5798
9172
3442
3666
4212
3252
2702
9430
3883
276
1432
1676
2269
3950
9734
8384
6887
7188
4909
9820
5842
1378
517
8666
163
6839
9744
3042
9367
5162
9354
4688
6402
2900
3577
9730
3624
107
3222
5918
1940
1150
7860
9312
5456
6059
323
9342
8620
4846
5498
1121
8992
1080
1103
9882
1781
3734
7250
9622
20
6355
1830
6811
494
9480
6367
2584
4715
4906
6244
5118
4447
9534
4354
7708
3767
9335
5571
247
2343
6106
546
928
3548
6094
6627
3547
3085
6252
9006
1073
7179
9460
5625
1793
9840
7950
7439
3428
8983
1564
9852
4901
318
1430
5750
6027
5586
8450
6197
6398
7437
8671
6548
1316
9699
3278
6166
4135
9128
9261
7586
6177
129
2603
2222
2266
1807
5575
6871
215
2694
4845
7584
36
9794
5782
5966
8905
1885
4941
2655
598
3963
5965
9117
9733
9826
4536
8772
4906
7372
8257
6004
7918
310
7414
2072
9508
1415
35
466
166
334
3756
6717
9122
5038
7167
4827
9233
1503
4338
5360
5635
6620
3791
6323
2204
7511
2902
2092
2046
2754
45
3395
1839
2095
6446
836
6629
3401
9251
2821
6522
6958
7436
3900
1153
6339
6429
7279
4341
1068
9583
8487
9529
5692
8766
2223
1707
3083
2647
7104
5935
3100
5493
2092
7075
6836
7373
1079
7710
9128
2760
5232
9501
9217
1629
6537
9914
7483
1753
5298
9790
3352
3078
1826
6737
4631
9964
9754
1521
8359
379
150
3187
6137
511
4845
568
788
7236
9030
3604
6396
2179
2392
1174
6503
466
1038
8826
4133
5899
3747
4673
2940
5079
8220
5298
9353
3647
9288
9280
5148
1439
5082
3734
6333
2916
894
6371
5308
9975
5097
9469
4571
9163
5753
1844
1607
433
892
4973
6775
3819
7062
7025
1313
4861
6654
7285
1592
53
8854
3170
362
2060
7711
2037
7660
6622
8329
1309
6059
