9513
2208
1911
6239
9020
5386
7610
3777
5397
6234
4792
5450
9110
9919
2641
6175
2180
7494
4234
9240
6717
7133
75
4776
7193
4608
5935
9672
5086
8379
6073
5493
8949
8659
1489
5886
6212
3123
3263
2101
393
9539
7491
269
4580
4411
1137
276
8063
8041
9400
6668
7232
3473
8272
185
9555
1574
5544
4423
4439
3134
4150
9227
5767
3452
252
1795
8229
6345
4918
198
3168
4335
5483
3819
3683
9831
4576
1551
2725
8787
9733
4406
9694
9657
562
1821
686
9592
2131
2566
1434
3957
5817
3766
9009
3586
2385
6831
5357
2578
9331
3550
9539
7888
928
3611
7875
4655
9931
2478
5493
8057
8689
9892
4820
398
7532
2965
5137
8421
6616
7467
1966
7397
2174
3115
5603
7388
4313
8527
2826
743
4570
4758
3031
4220
4689
9432
5474
5527
295
3003
611
1355
8913
8981
7204
8531
9094
5774
4265
9357
7365
7790
1387
8055
7113
4535
387
1641
2301
1829
4373
8907
6395
1218
2671
3781
9315
568
3955
6066
8714
5025
7363
44
5810
7353
462
5262
7272
3510
9404
9225
7903
9117
4974
8247
2503
1529
7341
6640
4807
6754
246
2805
3726
779
8039
9191
8785
8566
8392
2828
4137
6380
5474
3970
1002
9343
9772
6875
6225
1841
9937
3928
4041
2188
2918
4143
8008
1324
3683
4055
6942
1600
205
4134
9997
8888
1651
8970
1686
3705
4166
8357
8036
4333
3451
2784
7747
3951
6491
3919
341
9701
7263
4764
5320
3310
1590
8669
7951
9488
9869
3881
5008
8906
8470
4735
4900
3767
2769
4644
1682
3823
1081
8996
738
6226
3797
4287
131
4770
6984
2025
2846
2481
6308
5057
9814
6288
6079
233
3090
2503
6063
21
6593
305
48
8146
4175
5251
4774
1191
9417
5915
685
4806
2774
5641
1930
4532
1736
2569
948
1218
7492
3681
4590
520
5066
4042
1089
9104
1771
6698
6028
7148
7442
3738
2196
8794
5853
3436
5225
215
6136
5143
9342
4951
8211
637
5672
171
9998
5574
4902
9387
81
553
1492
5491
426
5301
473
7753
3044
3889
3805
1450
964
3510
5544
2751
2017
9538
5941
7958
9807
3245
8364
4932
3733
2729
9680
2870
5327
461
9386
4916
2377
8516
2635
7898
5721
6483
797
4499
4308
9329
1128
5537
7274
2515
1071
2517
5280
9947
5366
3830
4452
6346
7016
133
9727
8025
1237
5599
8108
1446
3847
7967
9079
4832
9867
1783
7334
354
424
7340
8846
1076
4258
4438
6552
9305
4494
2286
984
1292
560
3206
5351
8539
368
8526
4038
3757
3368
2467
4615
9804
1461
4334
6295
3476
9814
7412
5201
6068
3936
9318
2897
2182
1114
435
2624
8279
1822
6093
125
7627
9612
160
8493
9761
9288
9730
1887
9862
5861
3326
8609
124
8784
758
6604
9692
9963
9862
2449
221
1337
9842
1530
3968
2334
9747
93
2409
2637
5520
5120
2087
4787
4105
2394
1719
6254
1173
5691
564
6992
3788
7673
1673
5436
5201
2760
9035
6381
1948
5686
7480
5389
274
2097
805
1280
6445
6114
5205
4010
5346
1848
5328
4262
180
5990
6243
4718
8182
4029
2583
1425
252
8677
2000
4577
3517
2027
8510
9573
3825
4662
2607
9400
2858
9820
661
2470
5511
1283
103
1658
7158
4446
4007
5706
5808
88
124
3758
6238
9131
9557
2199
1785
7580
7067
880
2575
4625
866
1768
3831
7132
6135
8275
8723
4517
7851
9382
443
5472
4521
9788
772
9360
610
3568
9201
8111
6478
6029
9962
3692
7232
6143
8083
4374
4283
274
6840
9816
3657
2006
4452
6037
3860
8707
2250
7391
5993
8235
5567
8893
8964
2796
6430
5928
753
3018
8581
494
5306
1601
100
2711
2134
1089
5244
7917
8134
1945
2645
1320
6786
5670
5833
9457
4116
6632
8783
8286
4667
1818
8844
7749
5425
6519
1080
8431
2220
9739
4972
1753
1575
559
5423
1091
8923
2295
7166
2838
2574
7831
5374
4511
4536
2783
2416
8074
3803
7283
6170
5534
173
6986
9695
7323
45
1595
5107
2879
5416
924
7423
7583
6212
6506
3136
5762
1232
7594
3987
8692
6549
3398
9461
5784
1413
1109
7374
8306
9313
5405
5784
4014
1806
3084
898
6330
7134
9024
253
240
7006
9181
901
9001
1297
9459
5483
3250
2758
9127
799
5154
3205
3924
8446
3722
1430
8987
7932
651
2792
8156
5921
6547
2037
3873
8130
7409
6880
2924
7866
5163
3733
1116
1861
3380
4886
2438
5985
6102
5014
4181
1635
4716
9312
2192
1149
8225
8959
8271
7591
9816
1932
8402
6827
3294
8034
5479
671
1078
8183
1907
8439
659
5674
4123
1050
6820
2451
7682
2711
2250
1575
1784
3896
6949
7486
1229
8289
4354
6465
7899
1703
3230
761
866
3439
5232
5351
45
4436
9131
6178
1344
8746
7993
861
8220
5638
1311
807
7021
7341
1471
3376
7925
9149
7521
7599
5907
7129
8977
5598
6260
889
9269
8860
8290
8376
3201
5850
3136
2383
9721
5957
7775
5123
2989
8894
8135
8998
3998
2181
9220
4409
4864
5806
9781
7735
6181
8474
1244
8101
6026
7477
895
1327
2319
2331
1270
5959
5638
2951
3406
9795
4134
1301
3836
5510
4512
6068
7434
7846
7561
1844
6293
2302
8172
5728
3987
8287
1622
4163
3838
717
5209
5321
8521
2790
4670
6165
2166
6481
4571
5139
1663
25
650
6984
1620
5634
3251
8494
352
2315
1025
2905
7339
8334
6749
2079
893
4590
5979
359
3075
3534
6441
9127
399
2088
9348
215
8249
5159
6369
1843
5233
8420
3261
4949
4805
3424
6726
8222
5626
4137
3844
7663
9659
4595
551
6619
4404
2543
4297
7907
83
4375
5497
7099
8481
2793
6758
7918
2785
5999
7970
8972
1753
4614
5061
8930
4905
5763
4132
4898
9022
5274
1379
205
9033
8232
7146
5107
7259
965
4677
2481
3260
13
2869
4269
760
6193
6185
3688
5593
4193
157
4085
4822
7491
9472
7816
272
3269
5684
4768
6475
9438
5615
825
395
7988
7474
6715
6930
157
8429
2057
7926
231
752
3039
4287
4132
4631
5891
4048
5563
4820
3169
543
9289
439
8646
9750
2983
2632
7557
8664
8932
9192
2215
3608
9824
1729
7574
8495
7894
5742
6327
8422
1357
3116
8654
2663
495
5008
6310
5797
6885
3171
8672
2222
6386
5420
3499
9866
9551
1165
8801
4257
1176
2478
8045
5476
1752
4633
5582
3392
8188
1981
3642
194
8936
7728
3939
2567
4011
7564
133
3559
8843
47
7542
6304
4508
4073
4226
4747
7275
3691
5908
738
2921
3263
7365
7941
6730
2087
9287
3968
7187
2740
3129
9465
8890
7343
7336
178
7570
9099
8676
6068
7043
9007
7346
7432
6684
7629
9345
1826
2035
4348
484
8676
1296
423
764
2068
4782
7480
3467
5166
8555
8965
6493
9801
9865
4486
6884
4810
2802
6362
8382
6663
5400
6652
7437
216
404
3331
2580
8265
8336
4142
6888
1051
8693
4098
8670
753
6573
2275
1666
2676
5577
5429
9716
2287
9681
8235
5362
9009
3477
6028
3321
5001
4295
4499
5290
7243
1747
4812
3513
535
6589
2504
7181
2400
5788
2191
3937
9415
2938
6135
6903
6396
1245
6980
3890
2251
500
9195
7262
1600
9344
1281
3440
1785
268
3489
8937
4798
2327
9564
1775
876
3629
5773
7804
6690
9159
5788
2316
5518
38
1175
4418
4936
998
1156
6869
299
435
4543
5400
4432
4634
5772
6819
3097
5401
1332
4057
1440
9777
5121
9262
7545
7889
3527
8137
9729
4136
8821
3489
4654
4035
9437
717
8058
8369
1118
4053
9427
3365
8649
896
5657
266
8847
2423
3710
414
2517
1880
1083
4714
6914
3806
6870
8200
3571
323
3454
1019
2467
3247
8186
1798
2394
6329
5691
1663
2189
7750
5323
7986
5917
582
1456
9445
7656
2973
7025
9786
3899
8462
1657
8090
5249
4489
3649
739
5367
6372
8026
1020
159
8418
3204
4714
333
8692
9066
2519
464
9706
5343
6431
5380
5267
8136
9176
2497
6709
4675
5529
8842
2088
3221
4089
3575
7097
9778
3753
2128
2969
447
7896
7408
7005
6209
7158
9773
3133
5420
8041
6391
4501
7924
7282
3554
7559
6407
508
1201
7909
545
4722
4472
516
4232
5113
8316
7818
9092
1773
3080
8854
1106
8882
9066
7019
6047
1669
8332
4027
9081
153
3665
8148
5825
5919
3667
3854
3963
7730
4
6925
3690
9934
5128
7843
2494
4519
2498
5531
1593
3861
2579
6645
688
3699
124
4645
3296
6771
7303
6905
3238
2530
9
5588
4727
63
8281
5818
5359
6817
1341
7803
3919
9948
725
8973
5211
3579
8844
3372
5238
6689
5449
2200
4619
2032
2572
2763
948
3800
9177
5938
5813
1990
244
5454
6046
5599
9606
9834
5119
1806
1534
523
626
5555
5159
2725
5880
3619
1851
5757
5530
9261
3966
2076
7149
8340
9355
5611
6327
8223
4181
7602
9072
4025
2700
4886
9904
6500
1006
2999
1812
9463
6323
4003
6240
7424
4393
3747
5752
404
2958
9934
570
6849
5069
8666
7695
7472
6816
868
4236
3822
5577
785
7870
4849
2331
8016
3020
2790
1141
7954
1196
928
3018
7979
756
3456
8664
7162
3714
2604
18
3934
5334
2988
7677
3314
7230
1724
6727
1345
2393
694
8735
7263
3443
239
722
5269
5531
2782
2478
3483
1060
5564
1136
6791
7255
38
1165
5349
668
337
3416
6489
7365
392
8586
8007
9510
748
4574
2429
2526
2617
7712
7380
6129
3109
5567
2940
6321
3657
4594
8078
6073
5476
5240
4030
9179
261
9958
9237
5179
5412
4461
7965
1979
7459
4920
1163
4472
6098
9043
4513
867
1172
1385
9839
7137
7274
6937
7883
346
6530
9476
3939
4839
7663
6124
997
7272
367
620
5289
3379
8144
5064
4645
8928
9259
9077
1111
536
4474
5509
2576
6663
5252
1941
1054
5600
3812
2486
6020
1294
5618
4314
4426
6303
3395
6322
2748
4071
9243
3020
5214
5464
4404
5146
4827
6682
9277
8202
7893
3987
7735
2335
1974
6420
5395
9153
3546
266
2432
5432
3091
9610
8808
8520
686
775
4231
6338
9380
8992
9039
1871
9626
4897
5126
8880
3131
8697
2910
4011
2123
8920
5731
6893
7920
2358
8311
4504
1266
174
8690
6210
2030
3816
2193
3465
7089
8830
5141
1453
2932
656
1326
1674
2586
7951
4006
304
6009
1672
810
7826
993
3101
2692
6818
8480
9085
1288
4891
1699
8791
558
2214
6648
8637
5741
459
4148
8488
4642
8547
3772
9305
4159
761
8654
8241
838
4633
5996
7113
2301
7011
8652
7588
4770
6431
8014
4336
6463
5713
2349
9755
1076
2017
22
7760
2662
4430
3851
5648
5399
7600
2797
8391
7648
528
6346
1172
2249
5742
3936
1500
5614
8499
5113
6862
8361
8550
4652
4096
7767
925
2164
5597
9708
6689
3441
715
5046
1651
4330
1019
5584
6116
8430
3788
4466
3421
9751
196
5789
3986
8611
6017
8595
7747
2912
5059
675
9441
3721
2678
2122
2391
2211
5558
766
7691
5376
7655
9503
8443
5191
8058
1441
6848
1233
8710
6345
6674
1914
9610
8416
8146
1832
8068
1133
3015
6171
8740
7298
4943
5723
8276
8665
4268
7854
7164
9757
5376
9008
2001
6665
7699
1832
3834
2150
7398
1574
3893
7757
7190
375
7037
442
8783
8307
392
3609
3027
7744
6476
5373
8714
5522
5256
4510
1111
3438
7468
6959
2396
6064
8438
1507
5601
6144
3657
4333
9125
7513
8311
6797
2318
7272
3740
6491
9252
6118
8148
6960
2402
4934
8499
3419
7644
5136
5146
2420
158
2609
4411
670
2980
5878
5984
2574
2235
5763
9455
4932
2562
5180
4299
6961
4420
5012
2816
2768
9885
8508
4124
8457
5738
1325
8980
408
8203
2301
7676
4919
8126
1349
8954
6879
6676
7987
125
9015
5010
7657
3432
591
8366
9327
997
6710
7313
6810
4780
1913
4062
6779
6189
8027
594
2724
1298
7041
1703
5901
1086
1103
5575
5093
409
419
4718
1377
4280
3583
1900
5503
7882
1380
930
6260
7101
3715
6938
2411
4924
637
3270
1950
884
6060
1226
2336
8621
7858
8068
9129
7495
7540
6096
2453
2735
7958
7572
8156
3408
332
7915
6015
5294
429
1010
5017
5828
7659
2371
8864
871
7346
4726
5977
693
7179
5925
3438
2086
4822
8009
1638
7346
7312
9147
6906
6851
8931
4425
1909
7298
337
5649
4260
6073
8594
4480
5452
4357
5200
7734
6370
9243
9374
8578
2073
808
8148
8676
4591
6294
5046
4955
1990
8637
2770
4317
8736
8109
9734
7198
4853
7566
6658
5838
8420
8958
5627
7076
5082
9932
2845
6986
3910
2288
6915
3466
8456
5770
2520
6705
5284
1800
4580
7701
528
1830
463
2780
615
557
6454
6060
1011
3045
2566
2770
9311
8497
259
911
803
5297
7362
3074
5584
2286
2146
8827
5579
9952
5146
4848
7301
1677
2726
9771
6341
9759
4003
1372
8614
9532
6292
8111
4669
790
3845
7672
7474
5016
9635
8447
2540
8129
7669
7744
59
8821
4209
836
2485
6409
8191
4793
7219
2285
1438
46
7775
141
7563
7010
316
2590
9668
160
5412
4203
4583
9549
7368
7376
1702
4923
4312
9583
6533
7502
4122
2617
1682
7198
4224
4179
6584
810
2638
5589
8744
1865
8725
9827
7145
8316
9326
4388
1392
2989
3447
545
2928
2643
3826
3241
1236
7216
1986
3933
2815
3729
2261
9123
5493
7726
5388
6688
6959
1769
7917
7433
3576
5624
3906
7568
216
5602
5975
1040
7926
9706
6301
4769
5172
6976
303
2007
1623
4010
1168
3946
3747
823
5067
2689
7858
8936
2005
8521
7821
1203
4676
6385
1613
6167
9178
5506
8887
6712
9945
7436
6824
38
2745
1054
8414
3520
6570
2783
9179
1140
5417
958
8358
3295
1651
6249
9396
7043
7534
8110
8451
669
1700
5840
9594
3217
9677
722
5812
5453
2804
3393
5815
4484
1796
6756
6501
4852
6301
2321
76
1002
9160
7934
7314
6117
1913
1709
7821
3222
8320
7395
3973
244
9318
3199
8991
5013
9584
6466
6868
3249
3519
1388
3100
7558
4957
3647
4582
9536
5492
5032
2573
1929
425
3690
5817
972
3413
2349
148
8598
2000
4952
8394
7325
9530
2216
5566
8855
5616
7454
4233
2962
5232
8366
7201
2213
7165
9135
5184
9393
8430
5113
7854
8642
476
8459
3744
573
9069
3593
1153
822
9160
6487
5219
6389
2002
5749
9138
2218
4044
8243
6871
390
8506
1875
236
1865
1394
3557
5111
6078
1259
9785
944
5246
8379
2630
3029
4859
1859
3154
5032
9352
3427
7172
7611
469
8233
302
5512
7306
8541
484
735
4860
1429
8877
7234
6029
4206
7500
4486
9652
4959
7633
1287
811
6531
140
5347
7066
6689
4960
3656
2613
2885
6878
1722
9558
494
1814
8097
3329
9829
3269
6641
5946
3880
2462
2499
5891
6769
7114
4071
9712
2272
5938
4746
328
8859
7607
6912
452
1240
3481
5354
184
1531
6905
6899
1592
1753
7691
7259
7330
282
7367
9751
6548
5349
6872
4105
7323
6897
1388
151
7364
213
4069
4783
7214
9605
104
8664
854
4456
2014
3381
9009
1833
2263
5162
3373
6172
3522
5984
5325
4762
9128
1275
7303
89
3690
6359
8588
209
1420
4694
2375
7567
6803
3192
1178
2157
5899
2869
805
2215
2943
5808
6115
3456
985
4042
3645
5248
6187
8362
4520
7501
8624
6018
4117
7363
81
1834
413
175
509
8018
2268
4210
7308
3774
9072
4743
5738
7335
530
8080
3435
2592
8612
6114
6464
1966
8094
1430
2014
4946
4939
336
5208
6621
6699
1703
3808
3420
9228
9677
4583
2863
464
7362
6511
6440
5381
662
9939
9912
2087
4296
5217
1728
1729
2918
7546
6706
477
8885
3508
6399
907
5177
3722
2480
5927
3752
2118
5544
8688
9181
8350
4927
8923
445
3016
5279
8062
8473
8463
6584
7202
5365
5943
9348
1881
6934
6442
454
5493
8637
1202
5270
9185
624
4324
2400
6573
2624
3225
4018
2645
6799
5803
4355
3970
8870
5374
7599
8559
1777
6797
1245
5931
9427
7930
762
8934
3429
2775
7275
9239
8736
2813
8170
5181
9379
9021
2736
6228
5948
2071
379
5198
3802
7554
7360
6806
9018
711
9891
6147
5996
3756
3035
6968
5006
6426
2040
8998
2959
3082
5654
4427
1489
1338
8456
4488
8871
6303
9090
8380
3741
6301
4578
5115
3250
8328
5396
8949
2096
4838
1368
1047
7798
5923
3108
8367
7891
3230
965
2187
604
6593
8326
5783
4900
740
1524
2023
4021
9029
4985
7641
9974
2911
552
6934
683
5201
3618
2690
3872
6389
1786
8079
4569
293
1304
4521
5567
1937
2579
6667
1501
3270
9127
5580
1389
7109
2207
9479
3452
3250
3820
6299
2346
8712
5583
8222
7273
3179
1334
5824
2199
6749
2408
3060
308
5453
3347
5747
4381
9457
9743
573
7745
6530
3363
6825
9307
3704
7420
8924
8495
8717
525
1375
2354
3738
5853
7915
8930
2431
4249
4528
9326
9471
7482
6386
5379
2670
7253
1840
8660
5831
8210
9086
6853
2712
1798
623
7329
6737
9046
8482
9588
9183
6224
8338
1697
57
6431
9419
9296
9655
4423
7987
5773
2195
7375
4121
5609
5288
5198
8266
205
2763
8589
3236
3707
4858
4438
6561
2167
5754
6370
2944
5944
1962
1375
3993
2882
7413
6538
5657
3458
4999
9353
6752
1966
1435
2821
8770
6694
5859
5016
6888
6635
3892
7713
4908
273
9593
1170
3037
105
9208
5499
6684
7669
3786
7696
3082
2871
4727
4412
846
5416
1056
2268
5676
9586
9160
1968
3434
8222
7993
1392
3748
4555
4330
5990
8169
9452
982
9797
8786
268
3255
4195
4374
3567
6580
1787
9153
2227
8670
5960
5341
6509
6610
828
9650
4112
1531
1525
7358
7021
5090
5820
6466
7256
7113
1534
5188
8457
3167
6799
6594
7549
8028
324
1015
1379
1897
9613
6204
8558
525
7677
1405
6496
2189
6508
3350
3064
1946
5693
7764
6918
2360
4690
3443
5061
3405
5389
5061
2834
1466
3255
1375
8594
4739
8266
2696
8296
6648
1918
3229
7160
5368
1482
7165
6592
8320
6466
944
9666
8990
2974
1617
9674
9033
3674
9692
2762
5266
6332
8389
1332
3359
634
9625
2126
8561
7532
87
2505
2064
9422
1609
3248
5302
4932
3419
5247
3970
4906
7235
7553
8306
6264
3419
7986
5186
6477
7565
145
3791
4723
9729
9911
1502
9052
7237
2721
8018
9552
9357
114
4338
5562
6992
4445
6263
6595
8748
7041
1703
3708
7809
5451
8346
7969
7318
2303
6762
8068
2662
7464
1509
3248
2629
6580
8631
4682
8722
7340
3289
778
7114
7050
3953
5496
7212
8372
1997
3527
5505
488
9276
4992
9144
2431
6895
8511
1017
6807
8399
9331
786
4350
1150
9206
6438
6664
284
4714
4551
7961
5938
4074
957
5896
4747
3629
6684
9025
4369
590
5283
1556
2611
160
6387
4149
3420
1495
5790
6409
2276
4009
4555
1229
7538
2311
2536
9916
3068
2166
1662
3356
4490
8091
4292
4936
5453
7335
3816
8610
9563
3927
3710
929
1776
5788
7700
6668
9420
6666
7432
5067
4615
5031
157
6959
3547
6174
2318
2652
8880
2912
151
4634
4783
2196
1788
1327
7100
2658
4624
6716
9114
4363
7643
3270
5095
2367
2671
4017
303
3983
7810
1052
9480
4251
7846
6132
6046
3991
2162
3024
9875
4335
3029
9343
2500
8762
3212
6095
485
4823
5041
8537
155
8589
1291
981
2392
3157
5866
7197
6935
5096
7001
9281
8101
286
8786
462
3309
1078
3529
3975
9298
7486
4916
8732
2998
692
4926
459
8578
5324
6322
1639
4476
1583
6010
8027
5478
8780
2385
613
6703
7664
3895
1239
4599
7306
5691
2145
7285
6102
3557
650
5936
847
3123
2108
3946
4837
1941
5550
612
7816
4118
5357
4473
2546
1759
4507
1613
7368
3696
5665
8252
672
2312
4958
9919
8508
822
1992
1209
6842
1046
5530
1232
8474
2754
9315
6235
2865
6075
6125
6331
1797
2336
7300
9006
4083
7376
1639
3131
4688
6845
9223
4785
1261
7726
4752
6129
557
5992
3258
412
1266
5399
5449
586
4717
1011
3552
5482
2220
8509
4150
5818
698
5074
8621
8885
5263
9335
1945
5676
1034
731
3363
8041
5184
7832
2790
7215
5833
5300
6716
189
9995
8775
7385
4510
958
2299
1063
3358
7230
4780
799
7574
1425
4179
1640
1569
9854
1043
4896
3886
9211
5528
4417
4650
4058
7084
9757
6386
4716
8730
2145
1964
9614
1065
1962
9345
1507
4699
6613
8179
5189
924
1362
4813
7245
3260
3079
6522
2027
5009
4418
2138
2232
1285
9718
9001
9995
166
9005
6711
1058
3715
981
251
4209
8349
9464
7265
943
4919
4475
4302
3989
6725
7420
8533
2693
1065
7044
280
793
3039
6563
3666
9264
8222
4843
5705
5094
4427
5814
2756
4901
6285
6420
4472
1395
430
6451
2709
3815
5503
4985
9452
3274
2029
9066
5737
3390
2364
9801
9744
4780
6432
6550
9436
2663
2043
784
288
7289
9501
1601
8257
3141
1577
2569
277
5426
7524
9150
7797
2597
7644
8670
2451
5819
3493
5286
1390
1193
1750
8185
1061
7491
5673
4649
511
3665
7057
3447
6359
9832
2320
3706
5919
9187
1099
8285
7901
8343
9812
3937
2852
1390
1659
3145
2474
4583
137
1334
1303
1400
5307
7475
1015
8444
375
629
9518
7651
8833
3279
6120
8159
1277
617
9297
2365
4913
7945
530
518
6345
8712
4272
1646
7546
8922
9126
7203
5702
8305
6248
5559
4882
1244
8291
3496
805
51
9147
5369
7682
1486
7569
3368
3014
6898
9430
626
858
5079
3012
1193
1488
70
7614
9607
157
8030
8344
9942
9451
890
4000
3393
5198
4284
6620
2800
1406
164
6836
8376
703
1505
3140
1455
1565
7783
5948
292
8584
5214
6912
2354
8282
2824
9057
1033
5124
4896
1982
2537
17
7437
3719
3503
4070
4685
7715
504
63
242
778
4821
4177
4236
1407
5789
8367
2309
6835
4832
1207
3769
1037
3449
1610
7543
6858
6898
1825
7834
2771
539
5429
4203
7906
2072
6627
9399
6831
3307
2993
1968
8578
930
8762
4590
8934
3504
6409
4096
514
813
2561
7802
2103
4729
742
6180
5775
4706
3479
3472
3953
6042
1976
6547
4843
4388
5870
4850
1057
8984
5389
3063
6799
505
2439
5637
547
4113
3234
1702
3856
894
3717
3411
5376
3270
5086
1789
738
3622
7042
8128
378
6490
9015
341
2039
3560
8028
5746
1211
3070
8564
7547
2866
3581
8067
8752
7826
9187
1277
8867
4511
9534
4025
670
9846
6846
7911
421
3684
2308
8991
7045
4146
2024
5255
8878
8459
9623
3676
4905
6109
3400
5287
137
4249
3080
4776
5641
7415
1892
1979
1645
4963
3414
4245
9545
8556
6939
2139
9916
5601
4549
6279
653
7631
9666
7440
4099
5406
8308
7615
815
3797
9865
8395
3308
7590
554
8647
6973
6268
7362
5359
4225
9038
7035
3896
2410
3161
3923
6108
8189
5171
2694
9385
6829
6000
3709
8379
6623
9328
2064
8123
3460
6175
6253
8323
7231
6370
2684
8419
9549
6639
1508
3228
5541
844
6325
9305
8313
5480
5409
3929
375
6242
5173
2700
348
1990
6883
5868
4971
962
1168
1266
6066
3681
2307
5925
3144
9839
3519
3060
1517
9417
317
9533
5473
2547
3478
3284
7260
1969
2500
5846
9054
7740
6346
6172
5435
1774
4503
5559
8937
2144
237
6989
1994
6232
2868
1627
7943
4617
6733
5444
7138
9491
5785
2974
8461
2993
4411
3639
3652
5689
2144
1344
2539
742
5662
4904
5865
6136
2627
9627
9052
7188
6016
6417
6865
1431
1629
7596
8915
805
9429
31
11
4204
6167
7436
2506
2965
3124
9766
4928
6396
3885
6830
4241
4755
1419
1616
1036
8687
2562
5588
8895
6006
2442
8149
4624
3939
6257
1847
5333
2817
1544
8330
8738
9465
7737
897
7791
862
634
2400
3281
2540
5092
1803
1261
5216
2458
9637
9214
367
8891
3113
2736
8241
4676
9471
7153
6026
82
1452
9927
1303
8157
1274
4045
657
1310
2485
8400
1603
6228
7208
9024
4863
4872
830
9111
5513
9883
2698
3982
1874
5532
2158
4258
287
6137
6993
2231
2996
7249
8912
5166
570
7585
8455
4621
5475
8816
6856
4721
8373
8928
6469
1196
3972
2588
2524
3312
7759
6970
1729
5579
3615
3104
5252
7251
6173
6707
9326
7873
6567
7768
3319
2475
9384
9335
1243
632
8730
2698
8418
2964
2838
2797
1115
1283
7918
2957
4757
6044
7313
7873
9788
39
677
9296
3032
160
3049
5429
9325
4930
7072
8981
4883
2251
4024
4724
1030
7041
6075
6672
2401
6481
5971
1951
7884
7956
5569
4270
8719
2409
6244
8630
2333
9287
1004
4001
776
525
4565
9062
7855
661
6202
3558
4665
2391
6317
2033
7358
5252
3491
5978
6572
1978
9936
840
8818
8182
1723
2485
2547
7603
8056
1618
5437
1547
9630
83
9403
1342
7621
397
7573
2625
3438
1561
5375
2561
927
2527
4986
3598
639
6239
4334
7926
5489
3133
4808
9951
6396
4716
4886
5317
2427
8755
1194
4434
9458
7494
9477
3031
3693
432
3238
8861
5404
8766
4806
8316
1003
76
390
5768
9368
6978
2569
8834
8666
3609
1309
575
632
7904
4311
473
2797
6132
7455
7194
4500
1976
632
4693
9496
5305
9571
6927
3388
2547
9531
3656
1953
7422
3791
6131
5189
3497
8134
5049
9849
1199
9023
9362
380
6875
2656
414
4307
8397
9805
1766
2146
6823
9859
7574
8444
8615
1761
2852
4347
1158
2581
5783
8146
7484
3763
8984
4164
8062
1490
8079
9887
6436
4654
2220
2263
2815
3636
8417
776
7944
5157
5971
5173
6112
8441
1937
8705
1010
5137
9985
255
175
9895
3720
9703
3275
1661
3889
3612
6873
2384
7790
6534
3315
2832
8912
7081
217
8588
3639
2121
4810
5740
1217
2841
9737
5732
9622
1881
6895
7613
454
1188
3479
4818
894
2912
9202
5099
3620
5271
2595
6992
1763
6838
3098
1142
6200
8029
8
7391
1907
890
5912
6731
9408
5507
950
4901
8297
3784
3553
6844
3472
8429
3254
6753
9580
1904
2885
3487
5632
4620
7103
6138
928
5047
2300
624
4172
8410
4121
2708
8716
7383
7083
7462
9538
7377
9307
4646
3850
6568
5005
8630
7673
2524
8923
491
3758
317
2099
5284
3796
4188
9255
9790
9128
504
2973
4581
6464
4020
1558
2428
7107
4783
2269
3538
36
3147
8888
9996
1506
7110
4695
686
1891
4494
7334
8258
8469
919
3394
8306
8488
6040
6472
934
6999
5360
3655
9575
655
8104
9726
8925
9958
4123
371
908
7614
6696
7403
9938
6975
9721
7788
2061
5894
7531
4857
9091
1945
6034
4870
5611
5328
6222
2546
6451
5941
9561
3982
8102
4146
4405
1843
1473
75
4500
3615
2275
4932
585
4627
9803
5603
6311
7665
4982
5038
5985
5906
624
2569
1356
7432
7589
8868
6611
705
9279
9730
7316
3014
8003
9115
9966
2510
363
5561
6820
6578
7230
9380
4407
7654
2088
8846
8040
9375
1068
2240
1365
615
3975
6636
9802
1723
8904
9142
131
9261
2587
2245
2879
4513
5103
3478
5747
358
251
1980
8074
1197
4728
1896
3514
7167
2386
1007
2142
1472
9951
9995
3952
8535
1035
9330
2466
9783
9692
2480
8168
1504
2446
1415
2364
7623
3000
2385
4967
8355
8257
5001
2463
2538
3960
6156
9444
9678
4463
7026
5083
9794
5939
8345
7950
5176
1474
5273
1674
7120
432
4999
9905
9586
7151
8931
6896
512
1032
994
4616
8594
1868
1525
2124
6941
5725
1320
853
5285
5777
4224
1986
6664
3999
5063
8711
980
9827
4629
2649
924
540
9065
7914
7706
8891
2041
9222
6491
6028
7651
3156
5463
1650
3288
6441
359
3835
3841
1845
825
6202
5773
2847
793
3482
9241
854
1297
4476
2323
4719
1571
7749
6190
1525
5933
4607
4912
3858
9958
770
4753
6106
8870
8273
2219
6613
5047
4060
8832
3776
1638
7429
3220
9477
178
2292
5304
4246
2396
1453
9498
2745
1238
7490
681
973
2566
4038
5608
5791
8007
2520
4309
2807
4538
5271
6505
9733
3698
9253
6298
2942
5369
5596
3911
3733
4554
9334
6695
6678
9976
5290
5323
4193
8835
5160
2122
4258
5629
4849
3208
9859
8722
2519
165
5679
8843
6582
4216
8848
5022
9063
4218
2623
7892
3934
518
3226
4576
2871
4727
212
8754
2638
9072
5660
2185
2938
8775
1794
4739
2077
2104
7400
8018
3293
1997
5082
4333
1005
3357
9753
632
7034
8560
5259
5265
8378
4551
5466
5595
9888
4342
513
7735
5784
2833
1949
5120
5840
8763
4072
6859
5142
9542
6191
2077
5230
3258
5787
8094
9736
6990
4639
6363
4537
8011
2336
3370
9789
8748
5327
5857
2463
4709
139
6285
1189
114
7888
2373
8100
876
6418
7964
3459
7572
9651
4814
7118
6310
5960
8500
1135
5585
6385
370
8131
7450
9190
8398
7381
9781
5153
1711
2246
4429
7665
110
7281
771
3803
9187
8150
5512
180
3763
6227
2640
3775
438
5519
4820
6603
8752
8927
342
1822
4460
2860
7553
450
5639
495
2390
1832
2858
4512
6707
3830
2400
3492
8539
4514
6256
808
8262
4998
4292
617
9365
4922
5411
2385
7571
9541
9280
7897
9123
459
8615
7371
5784
4551
6000
9867
9407
9760
8020
9706
531
7101
1782
8920
5730
3636
4999
7145
4609
8563
3599
7475
9755
8013
2639
8431
1267
4113
6938
1405
8991
5108
691
6808
1214
1444
4527
9507
6756
6910
955
4446
4669
802
4927
8166
7022
3932
8001
8454
2851
6935
7813
3716
1217
963
4185
1667
2513
3099
8703
4899
5456
9478
3095
6906
3134
7091
3533
2091
1695
5190
2780
8861
9333
1640
5630
7069
5187
8007
8197
9376
515
1427
8669
976
5832
3046
7216
2728
2558
1240
3517
3869
3273
8726
6902
5346
5083
1448
4584
4071
339
9546
705
4253
7226
5332
538
2839
38
664
8827
4216
185
9135
6319
9186
8048
1902
9677
4836
2807
2860
5776
9087
4026
3931
3935
4193
9536
7515
8276
6606
997
9088
2359
8053
1285
501
4745
4597
9564
3905
6884
1741
6815
6504
625
9405
1777
4398
519
5397
282
1333
2659
6766
41
8535
2149
8426
1488
4762
8715
3996
3436
9337
3416
5044
1145
7789
1580
594
3710
5471
5013
8402
3467
5320
85
9151
134
9470
2467
1271
3756
5282
4013
6371
1622
4523
6084
4533
879
9916
6963
1550
3927
8546
9821
728
8322
5148
7671
1731
3648
5914
8841
4053
1347
6855
4934
2344
9192
9364
8985
3566
6549
4483
5605
8137
8947
4751
6579
9682
9594
3826
6902
2525
3994
4631
7591
5271
1700
3887
472
4670
7298
8342
3789
7351
4121
9121
8413
350
7180
9410
441
7790
5813
6802
6486
4637
6416
1210
785
2622
3784
4508
4723
7677
838
303
7219
8015
6414
4020
8415
5197
1881
1666
9328
2789
3010
8447
3985
699
3796
3008
8924
4419
4211
8354
8750
2074
7952
7911
1943
208
9542
2314
2897
6902
2858
6757
698
3431
5763
861
9551
3258
2048
7829
1079
3836
2079
9589
7309
4321
4974
2884
9540
8968
15
7079
3160
1915
5213
5321
8994
9703
6138
7742
2567
4432
3371
4372
4291
5842
8650
7476
1478
8625
6912
2805
1558
1432
283
8177
6184
4465
2323
1392
9724
3079
6765
107
5246
7251
4667
6925
1318
544
2038
7903
3349
445
2847
1081
4337
109
5482
5547
802
723
7876
6784
8559
788
9211
352
1610
7511
7215
8850
7108
1913
5540
9079
8366
8031
9334
6850
7549
5321
7527
726
9729
6791
5885
2901
1307
5870
1759
3809
2442
5862
2248
7544
8352
7994
3651
3381
1726
1707
3199
6250
6543
9798
7578
2629
4221
6821
3288
1445
935
5289
2459
6955
235
7762
1715
5941
8603
2959
3714
7576
7229
8495
289
9251
4572
2651
4826
7671
9781
5295
5411
7834
2226
1661
2907
4992
7836
9676
172
7221
7536
9047
5329
6193
8943
489
7607
5234
367
9065
7713
7092
614
5829
360
4152
7013
9731
6362
3603
8411
4633
1916
79
44
6899
6463
5098
5652
2535
7071
5196
3621
3859
4598
2716
8790
1976
9389
2124
4943
8370
9305
8497
8061
2513
857
3941
9843
3334
2159
9418
9874
6136
8078
9081
8901
4046
858
5067
6551
7845
2898
2740
301
903
990
2418
5932
3073
2508
9836
8104
4914
4365
4488
9025
8928
4580
5077
4621
6608
7452
2434
895
6734
7870
6
7030
5097
7574
8810
7666
9161
4012
5283
1671
3297
3879
3601
5794
1246
5708
2132
3296
4999
2617
8676
5103
1569
7838
5138
3708
1866
3907
797
5774
5277
5840
5486
2366
1773
4531
6806
8460
1239
4752
3409
77
3369
2774
2427
572
6875
2245
6797
4813
607
6743
4139
962
271
8593
6001
6149
9547
8315
4481
6376
8671
8812
8559
6024
4583
9370
8209
9848
651
7643
6858
9125
3953
3792
514
1198
9966
1788
370
9835
6249
6876
6303
9332
6836
5363
7450
1015
7926
6222
3664
7126
1958
7623
4487
8669
5930
2124
4392
3177
4353
6003
9876
2814
7438
4818
7402
8354
7684
839
2731
3541
7826
7522
9307
7718
6873
2503
6118
1919
6931
8523
6775
4054
1107
3478
8459
5698
1439
714
4928
9723
7560
5447
9113
4781
445
5352
9603
1408
8655
3281
8545
6149
8014
4341
793
2232
2935
9511
1811
304
7169
5551
8249
5304
1209
191
9251
1043
573
9666
8652
4324
5396
349
7148
3306
7330
7027
7829
9011
4401
1486
3843
5541
6041
6262
8993
9850
2493
8570
6889
9984
570
1249
7404
3876
6267
572
6150
8061
1528
4006
7663
3040
3833
8369
8019
2388
6435
3236
9118
4164
6483
6291
4047
2010
4511
8217
6218
5934
8355
100
7704
1681
7442
6635
5443
8617
1009
7736
582
4616
2751
5937
5948
3969
769
8794
3571
8060
6165
7536
8494
9634
7436
6586
1067
1249
9196
3077
5377
619
3922
3323
2435
5448
1390
7404
6361
1891
699
9467
3209
7654
4191
5430
5280
9832
9353
7537
3372
5467
6051
2200
3307
9849
8084
5393
1973
6152
9157
663
1052
8804
10
7912
3865
3412
5265
4521
5321
3011
8163
3928
656
4978
661
9482
7011
7802
2820
7413
600
8511
2278
1888
341
7364
1820
6169
9862
2163
8647
7078
5196
9450
8923
3072
2065
7800
3964
5530
3413
3069
1079
5088
2000
630
2023
4339
7058
2064
1649
8470
9727
2592
7669
3552
1807
2024
8286
4704
8521
3141
4889
6260
7379
237
1060
1457
7317
3967
5231
4127
8354
2952
2923
1733
1989
5822
8321
8884
82
9128
9593
722
2098
8257
6791
7594
7820
7329
3870
7960
4332
7435
4400
4758
7743
4826
6625
4210
7766
3220
3652
7786
1022
3925
148
2443
2377
6487
3551
8916
5763
1539
9039
1341
1479
4017
2999
9928
8858
9461
9816
1882
8941
3736
2840
5093
476
6876
4169
1137
3422
7337
4494
1445
8583
6254
520
1225
8583
6076
8152
3344
9990
8047
5652
8395
394
2798
1777
3185
3151
4613
4441
913
4442
2162
3733
4202
3225
4403
3288
9630
6998
5448
5422
5257
5076
9967
8393
5260
131
2136
7490
3244
4040
9719
7815
9774
5042
6457
2526
1999
4693
9617
1196
4629
3445
9567
9369
7679
3041
7729
6965
5205
7644
7682
2767
905
3474
8066
8399
7814
922
8478
5722
706
6541
2564
5737
9819
3567
6398
1479
832
237
2334
758
582
6069
6243
8170
382
9456
2708
6841
128
6774
2808
2482
1629
2376
6754
5286
1287
3867
7957
329
6001
8280
4762
2006
1537
7516
6880
376
8933
3476
6947
8183
2517
6989
6387
7179
5916
4434
6350
1379
1128
9435
7615
2962
9574
399
3603
9754
5343
4477
8178
7727
2791
3775
559
1422
3454
8488
5806
8466
4406
6264
4322
3457
6421
2145
3609
8493
8606
5130
4959
8200
1369
2467
8975
5039
5882
3781
1261
6757
2277
6416
94
6007
2980
532
7622
1990
6901
8910
7620
612
7634
383
1721
6701
6700
5903
9786
4319
7430
6180
4205
3248
5592
4709
6811
1080
7456
9673
5177
5508
6221
7719
5134
7993
7014
4587
7466
8827
8864
3404
5285
1093
3160
8787
2823
7243
6535
6887
5502
607
7888
2668
7112
4154
5663
9916
3388
442
1185
3021
3300
4720
368
528
8186
8499
2094
9850
3110
9141
8613
1129
1906
7024
7511
2319
8177
8998
9513
7014
9789
8156
618
8144
9318
5807
9041
4419
6914
1034
2422
7526
1264
9159
6110
7003
9325
2429
3343
7897
1401
9080
6828
8936
4027
2585
1703
1213
9607
2203
7831
698
1760
7980
5972
9947
6957
5204
8671
7628
2751
1655
4357
4421
3002
304
1097
7780
4019
9641
5315
6439
2702
5929
4230
2473
1493
6097
79
7448
2548
2914
5883
9773
7556
6827
7400
8555
7412
8007
8913
7592
1236
846
4681
9650
4631
9876
6054
6125
8117
9310
9614
5000
8681
9657
348
6604
7990
9744
7567
7958
4629
122
2679
1323
9872
5472
7656
342
9801
1295
8712
6004
7487
9520
4299
9225
6872
4099
5092
6685
1939
4613
7455
5065
9747
2256
1788
9605
8514
5470
7838
7525
8542
2515
6822
7926
4554
1416
4235
2303
2874
2264
376
8268
3908
881
3632
5960
746
1268
9131
5460
4305
6133
3183
6452
8451
9489
6407
4499
5414
1742
8100
505
2336
6614
8917
4503
6367
9997
1343
3424
426
7102
9184
1406
2630
8534
4697
5711
2891
6655
6726
4895
8712
4560
7038
7184
3627
3281
5371
8475
8518
6566
9103
6429
2406
8050
9690
3592
5017
5131
1112
6346
7185
5622
9070
9178
6081
6434
8468
7686
2055
6346
9995
9046
5817
1235
2167
7319
654
2504
5247
5746
2927
4846
6647
5013
9362
4477
6876
1968
544
2153
5139
3055
6582
634
8684
8603
799
1632
2202
3608
7955
2930
5017
6884
3670
6120
3121
4141
8719
4132
6692
2674
7258
3754
6992
2028
7066
4189
9826
4040
2862
6986
8908
5115
1151
130
7984
8962
139
1082
2247
4407
1585
2458
7286
6646
5709
6575
3510
9974
9449
2124
1037
2496
7773
95
2660
5113
1733
5807
1097
588
2477
174
7884
7448
9634
2668
2901
7441
2308
822
3152
238
7570
1755
1407
1684
8823
7846
9242
8655
6211
5767
2462
4385
8724
9208
2274
718
4258
3915
2348
9293
8164
1806
4225
2562
9840
2112
4935
2196
7963
574
5329
7549
7418
7707
8688
1891
3063
4767
1449
7909
4364
1772
8216
6998
2890
8948
2073
919
636
5616
9683
8894
8066
5726
5651
9021
6560
7716
6705
1154
3209
2685
434
11
962
247
5103
8598
1882
9521
5289
4859
5798
8786
8000
2626
5300
5547
7966
1682
6492
4856
9817
9985
6144
9025
3009
1842
6850
9027
4990
1632
855
553
7431
8201
5815
1245
9489
3293
8452
7123
2839
9189
9051
6093
3095
4106
5893
3705
3782
9775
524
3307
4474
4377
199
7346
6293
132
2073
3008
9000
2567
5268
6056
4065
2499
6479
5314
7646
4027
9866
9759
3218
6803
4529
1940
2147
878
4228
9443
5454
1484
8296
4396
8043
5517
4988
7344
7935
1267
9005
7961
8470
1534
940
5840
7525
8837
7451
4020
6059
3689
3581
5934
2154
1154
4305
3859
2476
8551
4819
6193
1343
3348
3599
5211
4139
8057
4128
9603
5639
4366
569
3286
4477
367
6710
7521
2500
8696
1042
9237
9294
7229
4650
6834
7243
6802
6999
5235
8312
5350
8263
8724
63
1348
174
5701
30
6874
3313
36
7922
9358
9504
469
6616
6206
5091
288
7121
8909
7786
6214
7878
8567
9612
2392
5544
1886
8152
4055
509
7175
1329
2542
633
7543
1213
916
9571
4066
5025
7191
5148
3343
8282
5234
5398
3131
7984
4065
4727
3137
6575
6269
8229
7736
8034
1810
7946
532
2832
1303
2779
9683
4386
8014
2791
4999
4021
5172
435
5178
3384
2923
9475
9025
351
2252
3648
8827
622
321
5460
8091
6113
2912
9188
6441
371
7033
4730
7885
4134
2900
362
6895
4624
4496
7442
7577
9269
6598
7911
8143
1984
2923
5570
8604
3287
1001
8458
3437
6200
2807
8960
319
7802
3890
4340
980
5153
8620
6893
3577
9055
1338
9061
9719
1745
3583
8308
954
4624
6564
4525
7415
9676
3757
5634
6864
6330
7707
3063
1659
5064
218
6469
8174
9027
7748
3614
1958
1234
2705
9361
5448
5723
8088
7023
6561
9944
7148
5030
4759
7387
931
1209
4474
4096
4213
6217
4437
2131
2641
6850
8777
4883
8108
6070
8286
3985
2814
9443
3364
2107
1698
3389
9347
4353
8380
8852
3571
1083
9663
6548
122
4638
9391
7682
733
7558
9554
6884
2571
6818
124
9411
3396
9732
1430
5553
8488
693
8
4875
2915
7104
3633
7736
3863
818
637
9355
2013
7970
7777
4461
7372
4489
8740
1551
7015
1177
2116
920
6587
9849
5268
9310
5655
9193
4377
4124
7098
9384
8207
3540
3933
1868
3721
2498
3545
2806
2932
104
3949
1501
9994
8428
3914
6574
4067
4879
7149
2787
6979
9634
1586
580
6300
5730
4225
8215
1702
2201
4796
8254
207
445
1940
7910
7132
9476
873
9755
1869
9144
4213
8837
7031
2683
1548
3421
2507
5378
2730
6343
8906
187
5693
899
9129
1729
6747
7856
2327
8803
450
8466
8814
5124
3974
8274
2528
6250
2814
4928
7046
3961
1609
8303
3851
6938
8305
5773
7241
7482
9171
8475
9170
5097
7279
935
3006
4424
6224
5464
4053
2590
5854
2762
7729
4137
9050
4814
4948
9874
3694
5297
4524
9204
8805
3154
6884
1338
7682
7909
3626
4621
2057
9883
2686
6141
7865
2742
7117
499
2032
7741
3857
3685
1813
2018
9777
2676
8532
434
6919
1600
4822
2754
1384
2022
487
7340
9769
398
4602
5883
8825
2838
8174
1516
7001
7846
3068
4548
9299
5072
1281
4391
1032
6049
810
5821
3852
8007
7550
8399
4544
5745
7800
6273
6910
135
3950
8589
5052
2272
4957
534
7527
2518
167
1086
6099
7570
9348
1107
3264
6237
980
2064
819
4405
9411
5631
6202
6376
9797
8285
6557
333
8485
2157
1300
9365
8390
5492
3170
4924
3497
7094
3387
3432
367
623
5763
3531
166
6688
1067
7584
2474
5069
893
6225
2138
7639
8741
3170
7901
4681
7606
8632
7030
4212
1315
4640
3334
1512
3178
2383
2588
35
7202
1623
274
2599
6220
5571
7719
4419
6336
710
1623
1563
5169
5270
7303
1056
1926
3061
9601
2458
9995
2733
783
8782
815
771
8870
3058
2315
8489
4889
3453
2915
1425
9320
8141
669
8551
8979
3365
6497
5413
3872
8485
5218
6218
8538
8429
30
6577
6424
3035
3679
1331
9166
758
6267
3052
8747
4796
7707
1281
8189
8643
7819
3791
3461
1795
1238
9651
2041
2818
9378
8150
8589
2599
4495
1557
4265
245
3621
8664
7491
2061
2696
2347
6624
5076
1423
7299
796
4305
1399
4847
4392
4909
4437
7160
9273
7983
8977
1666
1586
8205
2530
2984
5124
5558
1649
9406
229
5732
1743
2606
6522
3172
2573
1407
2181
8001
4598
5495
3074
5105
7138
6497
7616
7860
1053
3502
3509
3429
6472
1668
8666
3652
2307
8303
1226
9321
2669
2668
3129
6049
7510
2690
873
2170
1224
9500
3546
3094
7652
7557
3180
3510
8010
8302
2041
1228
1114
6818
5304
6322
4068
3718
8192
7401
6401
9961
7351
9367
8431
5260
148
8280
1362
7780
9025
1340
8207
8704
4122
2149
6269
3629
3372
6988
4507
1564
1208
2760
8402
8601
9799
408
2689
6479
8685
6497
470
9286
439
376
3737
6773
7812
4205
4440
6893
573
7989
3054
4875
2362
5271
442
3151
3351
3141
5339
6644
504
4429
8577
1976
7519
3569
7802
3722
5213
7552
2545
3952
1502
3047
1296
376
5991
6348
666
1851
3982
8982
1425
501
3203
3538
5397
227
8008
7822
9130
4030
4792
1159
6083
5028
8095
8324
8564
7947
6695
3829
7405
2787
6655
5553
4090
7246
7441
3925
657
5054
3924
7120
6143
5147
4262
9059
8562
3758
6163
9584
1459
6746
2023
2299
7875
5290
1951
4865
8378
2055
7541
8801
764
9747
2865
6850
5316
6297
1972
664
4508
7922
5323
7366
9896
6928
9967
5071
5749
8489
788
1023
4719
6888
6158
1675
1493
9031
5650
9740
5486
1752
1935
4335
5024
8930
5621
8564
8005
4960
1705
833
1570
2761
1749
6423
4518
1965
8479
2656
6173
3071
5237
8274
4812
2373
6325
8739
5391
4211
3429
8811
6553
4596
7393
896
6603
193
1315
8539
7591
1155
6912
1397
3907
2709
6209
3443
3518
4094
445
1206
7196
4589
8364
706
7429
6871
1534
4051
2571
2125
6816
7869
4018
5603
7585
8670
1119
3041
1561
9395
8999
8511
6642
5175
8596
73
5865
5401
7939
9470
1033
9522
4111
4406
9886
7366
2016
8304
2582
1477
7653
6873
2767
7111
373
8437
8068
105
8184
3183
2606
8973
6081
5838
5599
1193
6538
9665
7507
7826
6173
128
5098
8796
5829
6453
321
1991
9382
2868
7254
9467
4608
6217
2216
3366
2363
1890
7164
8917
7797
9205
6482
840
9037
1163
7077
1700
3503
5104
3346
1317
3558
263
1762
3957
8873
9507
8878
2301
5303
2938
9006
5873
8165
9294
8675
3226
2779
350
5416
3359
9758
9146
6836
5228
8362
5130
4577
5345
284
4807
4594
7027
3738
3813
8816
7508
780
2113
7225
7330
3307
7585
599
1908
4222
7950
9902
9225
852
5734
9332
7406
2343
7955
1465
7692
2627
4652
4060
3442
39
787
1144
4784
5552
9367
7838
2815
6787
5236
9082
619
7774
5995
3385
3142
6556
5926
5955
8854
5331
4698
3909
6177
1536
9007
4479
9571
6809
4264
557
8150
5069
1013
5881
5245
9556
893
9859
7519
2125
3734
7165
8928
4803
6390
4681
5596
9435
9888
2912
530
6665
1319
2543
9172
4942
5721
4134
5319
2067
4533
1989
1900
8503
8917
1427
7739
5955
2727
2174
7093
8200
7726
6212
9846
2635
5560
5235
292
9703
9267
4112
6767
9228
4536
3932
168
9991
5381
6251
2629
2332
9765
9661
39
6172
8289
5010
2530
176
5589
6577
4421
5547
3761
5283
6027
9637
269
6631
7440
1536
1007
3749
7107
8271
2220
7000
3914
6311
4799
4379
2395
4045
8239
6158
1624
6302
3429
7099
8147
1701
5177
2583
5908
2965
5545
3611
1216
7491
5615
3222
5353
7117
3607
8868
4716
4286
8728
976
4587
2774
5375
6634
6251
759
2473
7665
1988
9704
6346
2688
7051
5251
5687
7430
2819
9888
1820
8588
1261
2691
1408
9833
2595
6089
7092
7624
89
5666
1838
6420
5282
7843
6165
4657
9241
5187
5758
3031
2373
2894
9983
3758
4465
8325
4899
903
5765
6864
4345
8251
3951
3971
6856
2973
401
5268
8163
3625
1100
4677
4724
2714
4893
9670
8698
6967
5630
1954
3450
3576
9005
8202
2281
7038
4826
381
4371
3520
3902
7866
4760
1517
6810
7913
6727
7721
9681
3290
1071
8360
9243
6495
1661
1764
8739
1010
5139
9366
7034
7595
6543
4241
9034
6368
4708
817
423
5253
8183
8924
5284
2774
1188
4428
6197
7430
4932
2768
7929
153
8835
5899
2026
4393
8953
4058
6744
98
447
7597
2667
5751
7459
1717
9109
934
3355
9642
5947
9087
5319
9740
3173
7720
5451
2225
4900
9814
6939
4784
5222
1766
5530
375
9127
5007
8796
8957
9611
2691
6092
867
8020
7246
2468
4943
5476
67
6202
2080
6557
743
4656
231
1672
6145
8598
7076
3561
2137
1024
8504
3524
1016
6111
5541
3690
3428
9538
295
3110
7731
5996
8977
1497
5381
5028
9161
2284
292
3760
1867
9962
9145
4437
9466
4849
5120
9852
5309
4286
6700
4232
7015
6602
5252
8028
1229
7102
6399
2305
5158
8033
4208
440
8885
7338
8610
5427
6912
987
8402
228
9496
9806
1609
5936
8122
993
3309
3926
8333
4672
8121
9572
2414
6663
9711
8324
6533
5493
8904
4591
5063
4063
7407
601
1302
9517
1483
3789
6002
6379
5503
2701
779
9904
7231
3385
4653
8328
7410
4984
7376
9676
80
2109
7870
3398
7946
5160
7055
8566
3498
418
2543
86
9576
6264
4826
1410
92
1581
1944
3192
8027
2577
7541
8542
2935
4130
7118
9231
1761
7032
7367
8639
4754
8666
8220
2698
3617
1494
1919
5871
8700
4293
655
732
1787
6594
4934
1468
9200
2701
387
9008
2489
7248
7577
6498
4735
1554
1412
7126
779
7739
6058
3294
9368
3043
258
2301
8786
5794
1648
6531
7945
9048
6592
7986
7739
1450
3666
1481
6528
3801
9324
5621
702
1206
4187
826
507
8026
1608
7673
3015
843
1604
7044
373
8745
1686
7026
5064
6867
3701
9523
2017
8376
9660
3682
343
5016
8616
7098
1714
7773
3016
6358
4487
6885
3160
1208
5014
1913
2152
4035
8020
9019
4843
6800
3793
4068
5273
1163
864
5463
9035
6350
7709
7207
1016
8635
2435
6259
3289
9592
4504
3388
1958
839
2441
4688
2768
2012
439
2958
6631
8586
796
8000
6298
2283
3117
1247
195
8326
6322
6749
4242
3391
3926
2602
670
2801
3920
2525
1871
2405
8328
3206
5145
8986
9312
9153
9675
4686
3780
1821
2998
2845
1135
9696
2479
9341
6684
5515
9435
5943
5344
769
4331
5883
5148
6288
7426
1587
5374
2867
7378
8074
4997
4263
7513
6513
4612
9109
2449
1225
6401
6941
9425
6222
6541
3562
3557
5456
9638
9870
1291
4075
6551
9187
9948
202
8476
9254
6164
3965
7177
4272
1622
1577
6903
1162
6860
7591
7401
6526
1583
945
5519
2624
9345
9654
8756
6569
2960
940
326
3044
7818
6633
4283
3604
3185
3648
4764
4687
8274
5459
5560
3343
8003
7592
6357
5005
7644
5296
7929
570
7362
8206
7329
5153
3814
5736
7247
4353
4817
5697
6917
4816
5584
7001
3964
2066
6298
1569
7639
1207
3366
5157
2848
7384
3847
2612
9346
199
5159
5892
8330
6522
796
7212
2909
8225
1110
9471
6061
9221
8366
9264
7503
9160
3504
125
706
646
1613
6876
2141
1101
6291
7760
4390
2237
7816
194
9172
1940
2013
8251
5532
4747
805
8765
9680
1716
7553
3683
7988
5956
7987
666
1291
4990
2798
9908
5100
7341
7269
6107
1801
6151
4996
7759
6202
239
2519
9076
3072
3174
1160
2770
9567
8031
6877
1753
186
1255
7170
549
9525
6263
9962
4912
3555
3913
6772
6769
6129
6519
4342
8258
9563
4005
7383
208
1243
9167
3642
5017
4121
5814
6716
1116
2628
7438
6291
665
4576
1469
4711
2557
8254
8404
4182
8065
6643
4597
5935
1442
1574
3912
6774
7949
5126
2660
1493
5618
3013
3879
7622
1324
1222
6737
490
8173
5244
7381
965
9467
7367
8958
8586
8906
7512
3805
1886
2863
3839
3449
7709
2726
5729
1962
3703
2202
884
8210
3999
1863
8095
2231
1898
713
7589
3404
5606
905
3710
8239
3245
6702
8458
7043
3505
9173
7032
3956
2875
5171
8273
6406
4204
1918
4095
2579
8217
7804
9101
6709
2562
5750
2280
3987
2722
8862
2578
1676
645
5368
3441
2130
8012
4085
1103
4846
1437
1195
5713
1464
9041
3347
7616
2145
5286
179
8496
2202
5451
8570
6004
4879
423
6184
6482
8765
4814
3316
2378
4044
5225
289
4543
3478
2744
4721
9623
7187
8996
3230
6998
6646
4104
6288
6756
8018
8043
4833
6384
7701
1174
2175
6695
7546
7665
6872
9213
2799
7943
9906
1854
2841
5283
8397
8333
4408
760
5460
5564
281
2448
8470
4260
9534
8882
9913
6415
896
2669
4072
5981
6592
4062
5986
6653
4798
6001
2721
1517
5587
9454
802
9270
3556
5601
576
3748
6405
2565
4827
6070
34
1236
2808
4494
4600
9346
8189
3925
8900
7398
5096
6561
7280
4478
9715
9660
945
6445
1708
7890
968
118
5303
521
2958
2749
8253
9005
8420
2290
8119
4715
1762
4378
3879
5383
4857
1405
3276
8779
1278
2884
8804
197
4770
1849
9797
7245
8835
6291
7852
3901
260
3417
2641
9511
2650
202
2187
4811
8322
797
6941
4978
5565
7333
6963
6686
4131
3831
6264
8215
4011
6245
1685
314
6
9902
3489
8233
6291
482
2532
8672
9626
9785
9333
2043
4895
7358
6040
5377
1675
5107
6970
8088
8913
5445
3772
155
2473
1387
6354
8663
3759
7723
4762
9689
403
5630
2826
1819
6990
2810
3735
2708
4264
9183
6606
7165
2438
5838
5156
7670
4992
833
7961
8761
1747
4459
1596
7986
2812
9810
6033
4245
5717
5595
4504
8133
6509
792
2999
1102
8014
1759
1992
118
7072
6929
4134
2692
6560
9789
2026
2590
3440
594
6379
473
5369
4086
1846
4657
7399
1479
5342
8845
1400
2270
2579
3659
5603
5512
60
8634
1901
2885
6100
6982
409
356
6959
906
915
6328
3988
5681
1446
4398
4204
6039
8506
4418
5983
8300
8413
1423
2851
8406
2324
5507
726
818
4627
205
6427
8160
3225
6837
1033
1671
4809
1557
7772
5178
1880
4267
9735
1038
6848
7924
7675
5082
769
2715
1751
298
8696
8911
8292
6959
833
5273
7758
4238
2265
8000
1939
9523
7862
7621
7486
7990
139
8989
9931
1427
3983
1727
6029
7106
4590
4088
1443
3951
548
1990
3403
7949
3316
7066
9466
2188
9101
3968
925
1876
7571
2066
7843
3067
9575
2803
2574
9756
1701
6048
5092
6981
28
3978
1428
6660
2017
5316
4216
2259
805
3572
4461
8624
6671
4139
6640
6483
5630
2449
1313
9550
2693
9975
2908
9828
8860
1310
2812
8508
7550
75
836
9914
6419
1566
4480
7367
6194
1357
8378
5486
1931
4511
289
5448
947
3290
8070
911
2925
4698
308
1020
3945
6771
3718
2461
3311
3379
1540
2897
8849
8075
2830
1826
940
793
5399
7472
9886
9775
1978
7083
1259
9554
9124
3209
1886
3857
6543
2435
8464
7161
9851
6341
8904
1473
4542
7944
8711
4177
6579
9168
5962
2564
3450
7266
3011
5095
3814
3023
4858
637
1512
2382
3552
8875
3206
7664
5072
3571
2527
7742
6007
7574
8801
9915
989
2831
5584
5620
5318
325
8781
6464
1094
3464
3605
4315
5069
4380
5002
8848
7517
5374
9769
2974
403
6064
2283
8042
7930
7917
4806
4199
273
3100
6964
8300
4835
1270
1216
957
409
2605
9170
3572
8630
1540
1404
6864
5663
4218
2293
3603
5256
7706
1021
8218
494
526
1640
5629
6863
6033
9501
8015
6865
4093
4511
5827
363
5618
5313
4033
8750
1456
3971
8220
8080
1986
5931
8523
8103
1583
3617
5517
4609
5932
634
9159
9870
6035
733
996
8705
8013
8018
9530
3686
3277
7382
8391
5502
2994
9295
7082
5839
7172
297
9254
8244
5779
2231
7924
6583
2435
3880
2480
9182
7370
9791
4743
6607
588
4028
5353
9114
8625
4037
3879
5481
4516
3762
3907
8395
4546
3412
5876
2205
2901
5965
2170
5953
8063
9620
5507
862
631
9875
877
9796
7960
4349
7726
4631
5043
898
4061
7643
2568
4218
632
2648
9921
5123
9620
5886
9748
9781
9277
67
231
8447
5402
5764
2478
3313
5303
7645
6224
6205
8847
7685
4085
1986
3160
2780
6796
2230
9816
8482
5527
760
2659
4984
5420
8430
402
6365
6415
5858
7595
4682
7811
1906
2102
3785
2020
6500
9724
5935
4348
6437
2434
430
6731
6486
9321
8890
9365
4939
5992
6569
9879
3664
361
620
6752
6141
2068
956
9252
1183
2970
1600
7288
5387
5159
1036
6548
6219
4956
2594
8366
9713
4506
1318
5730
8471
3496
6238
9725
4574
7198
7511
3975
8211
1250
801
8944
3102
1628
4596
1073
8463
9052
494
885
6844
5289
8100
3762
3329
9558
6016
1276
842
2477
9078
6835
8516
5242
2597
4193
2170
1669
1725
7105
8745
6306
4893
8235
5560
9262
3953
2771
7502
5235
7653
6060
2605
7726
5089
2862
8024
8254
7160
5130
3215
785
4617
1896
8817
6091
4713
233
1789
7774
4654
3208
2521
4103
2229
6305
623
4120
7714
9089
3019
8442
9357
6605
4650
2356
8919
7204
3160
4886
9637
5200
5678
3737
4586
2343
3739
6712
7051
7846
1968
9003
6793
323
7300
5239
7745
1133
8951
263
1666
534
8895
3545
1456
3493
2417
6063
8082
5095
3117
9592
3569
8927
9741
7703
263
6135
1227
4826
7777
3344
5431
8413
9595
4841
5899
9120
5226
6771
9837
9296
3461
7991
7793
7597
5926
891
3421
9607
8762
9659
8767
4726
9288
6918
8431
2338
5399
6717
9249
3793
2782
4668
197
1898
477
3195
1475
3985
3175
8377
5317
9440
3149
4030
8688
4806
1380
3985
8877
6843
4609
4213
4494
5824
7147
6959
3638
1675
1755
298
1797
8685
4775
6236
9672
1612
2425
9576
5483
1479
4490
5419
1176
3008
7769
4414
8925
8197
4175
3692
8311
939
8720
4603
3201
9104
301
1173
6704
947
3205
3973
467
8448
8038
3646
5569
8274
1167
9032
4109
3422
9018
7616
2306
2357
8665
3406
9542
7094
4661
642
6403
8534
7187
148
8650
9598
7217
2135
3436
388
537
1667
7982
8186
9262
8794
6602
3095
9528
9390
1513
6723
8938
5470
5490
6161
3554
5253
7995
3839
2921
112
1103
4739
1207
3677
600
1098
7892
635
72
2755
7259
1361
8470
6912
8156
9107
1049
3431
433
6884
5673
808
9216
3035
6852
5212
3873
4667
7850
6567
4407
8956
6110
9478
8660
5113
6097
4636
3280
3591
6617
4364
4387
6650
2585
9898
7863
5485
9412
9596
2452
9074
6466
6041
4554
7466
9716
6385
8472
4241
3972
2934
2001
9007
4357
8501
74
906
4237
247
739
2414
647
5707
2831
4138
1711
8020
9627
7673
4251
3764
3013
2118
6420
6246
6610
9693
3917
9159
4625
7677
7955
914
1100
2984
1386
1351
7017
870
2360
115
7440
5854
5755
1087
2634
9594
599
7747
6359
855
880
8473
1715
5288
6805
5539
9173
6440
6277
368
530
5501
136
6629
6836
5916
2342
106
6172
8682
1984
5666
9478
4201
7231
2687
6645
7522
9229
1425
8491
6471
1251
5971
733
3821
8479
1606
5811
5289
5484
1099
2226
1565
5026
194
9075
2219
8379
9913
5204
2807
6882
9455
2806
7106
3597
6981
1856
7887
1745
9117
5215
8907
7764
6500
2880
442
8422
7931
3491
846
7584
2010
407
1980
1330
5063
7633
8528
8889
7820
4217
9035
5049
6382
7358
3894
3322
5392
7290
5270
1106
9658
9951
2416
7366
788
7953
5558
308
6864
5529
8428
4004
1978
1597
2383
3216
4932
4141
9301
8958
9902
2774
8699
988
781
4567
1109
3416
8617
4039
8943
9342
9588
4110
6185
8400
1855
8133
4685
535
7419
8263
1731
6541
9595
5861
1883
2196
9944
7493
1018
4436
41
1618
9325
8059
8088
2502
4443
5285
2844
7049
3106
668
3371
6723
9145
5265
2092
4093
3642
7963
2730
4162
9246
4661
6458
5152
2627
4983
1473
7636
2230
6003
3013
5821
2353
6700
1567
694
1450
761
9562
2246
6183
3599
6277
8388
6482
5713
4016
9701
7580
934
4618
3712
4407
3767
2374
7640
3550
7653
6801
2771
4196
6266
5018
5309
645
2429
7901
3530
1326
7106
4325
9272
4452
7068
8128
7022
2225
8438
4901
6788
9965
1360
4080
8265
3108
2485
9778
6142
5100
9629
7686
2608
4574
6579
5619
6414
268
6403
2694
3039
7534
6416
3174
8385
1815
194
2663
3263
2419
9335
7373
8928
7937
2312
4832
7317
5053
1946
7395
7925
8006
4995
5559
4378
4892
593
5772
3231
5681
4804
872
4733
7466
5482
1858
6728
3240
1567
1302
1184
2744
7340
8662
1087
7436
2588
125
191
5120
6463
6943
9885
4681
810
779
4070
8968
7007
4487
9104
3972
5949
4012
5157
7072
5858
6662
4025
1960
2739
5076
1788
1125
1429
4237
8564
7756
9586
3408
8035
1322
5838
6345
9902
8436
1650
3735
1122
